,ac_power_sum_inverters_daily_integral,irradiance_poa_o_427_daily_integral,temperature_ambient_o_427_daily_mean
2014-11-25,0.0,0.0,
2015-02-20,0.0,585.136746,21.7072011
2015-05-20,0.0,22482.958826774,30.477670907407408
2015-05-21,6095.47267787227,24525.199181559,23.979627405208333
2015-05-22,8225.963978456079,32911.022015919996,22.33618738125
2015-05-23,8269.29738826028,32920.60344298,20.840190871875
2015-05-24,7297.99755557356,29393.206016096,22.059204806249998
2015-05-25,8155.262925292711,32768.39390731,23.743058928125
2015-05-26,8075.0451106731,32741.227327729,26.957241848958333
2015-05-27,6941.8084576725,28205.228531982,26.934301997916666
2015-05-28,8066.62676035058,32467.246884846,28.136960929166666
2015-05-29,7987.324712202181,32235.05365106,29.021767709375
2015-05-30,7959.042613648629,32034.10814558,30.61866672395833
2015-05-31,7931.2896951488,31969.23350359,31.924360052083333
2015-06-01,8117.32985435086,32767.418313716,31.866800722916665
2015-06-02,8071.83139291624,32357.9101992238,30.884252308333334
2015-06-03,8059.84532146773,32801.287116847,30.4117452875
2015-06-04,4007.3946986393,15214.172952267,26.407052205208334
2015-06-05,4423.4327636611,17044.50419964,28.465679362499998
2015-06-06,8059.60081864737,32282.482469272,30.59796544479167
2015-06-07,8100.52625019082,32593.071272007,30.874260634375002
2015-06-08,4526.634136735881,17834.764657107,30.8802163
2015-06-09,4607.8441023272,18385.62151208,27.368804243750002
2015-06-10,7454.0624730612,30484.130583308,29.846100866666664
2015-06-11,7731.5212652291,30848.788758969,30.078739419791663
2015-06-12,8040.253084525241,32472.93940887,30.848912062500002
2015-06-13,8072.83405866068,32610.093924879,31.341116356249998
2015-06-14,7973.63684512505,32112.981728352,32.086346920833336
2015-06-15,7909.96679170887,32098.10343308,34.11704373020833
2015-06-16,7211.5818524127,29441.827310432,34.47378014895833
2015-06-17,7620.737762700515,31059.9621563755,34.51027208125
2015-06-18,7872.7454822357,31806.523918517,34.604687776041665
2015-06-19,7835.212436762471,31813.660209114998,35.15435676041667
2015-06-20,8000.61868261683,32501.460393416,33.838454804166666
2015-06-21,7765.395663852,30966.4525186437,34.0312025625
2015-06-22,7791.113249288,31021.55474336,34.573244457291665
2015-06-23,7729.410943126231,30874.3784293126,35.01297121458333
2015-06-24,5551.90425553072,22324.277712796,34.09407298125
2015-06-25,6678.4486381536,27288.96954509,33.23188989479167
2015-06-26,7735.3033685005,31213.86613004,32.94971401145833
2015-06-27,5654.71195776685,23294.596643572,32.819896829166666
2015-06-28,5724.3640542424,23540.8512424389,31.571217372916667
2015-06-29,6832.87790308317,27797.691134157,30.48774673229167
2015-06-30,5895.60829610054,23656.617263665,29.663080795833334
2015-07-01,5720.8961546266,23043.08066895,29.453938708333336
2015-07-02,7574.332844531321,30268.472976793,32.090913240625
2015-07-03,6523.05893449042,26506.2418732208,33.291738198958335
2015-07-04,4003.3373265254,15462.857564179,30.710662098958334
2015-07-05,3205.2732496180997,12384.028601242,27.788703742708336
2015-07-06,7246.30274888963,29141.642311877,30.27766572708333
2015-07-07,7255.74423165035,29556.66987654,32.664617719791664
2015-07-08,7206.042356987141,29408.192082049998,33.40079274791667
2015-07-09,6099.742680515717,23158.48631563,31.014797204166666
2015-07-10,7051.7216722945,28442.06411909,31.299985844791667
2015-07-11,7598.23735625449,30796.80819412,33.614008060416666
2015-07-12,5321.6456212744,21503.838204429,31.609354337499997
2015-07-13,6149.5889753493,24965.0852269538,31.621246486458332
2015-07-14,6438.96696634526,26302.54261939,32.38465159583333
2015-07-15,6132.1665110244,25102.893594099998,30.528164030208334
2015-07-16,6689.40904891355,27110.588193658,31.391722114583335
2015-07-17,5358.0652974916,21414.552816658,29.7893146
2015-07-18,4807.21777353648,19268.18491799,28.581970772916666
2015-07-19,7766.582291494074,31059.557151399,30.212750034375002
2015-07-20,7787.8922830604,31231.55816831,32.05134261354167
2015-07-21,7712.98630241543,31312.57251115,33.2359141
2015-07-22,6963.2426907931,28341.391514341998,32.56998411145833
2015-07-23,4119.0129936696,16081.486205802,28.079513777083335
2015-07-24,7267.75645647273,29092.419416668,31.521755792708333
2015-07-25,6288.5743330187,25730.594704741998,32.65405351458333
2015-07-26,5831.1131053336,23387.719352755,31.731530214583334
2015-07-27,6875.009168591355,28342.99846943,33.15545176354167
2015-07-28,6414.308441005889,26091.024605756,31.03080997083333
2015-07-29,5558.79131935154,21863.23999387778,28.611467569791667
2015-07-30,6813.4152468006605,27564.21366592,31.322836728125
2015-07-31,5456.2639710638,22221.116352689998,30.556942289583333
2015-08-01,6102.96216701657,25043.51924762,30.402523227083336
2015-08-02,7589.17689544186,30864.43091123,33.449295022916665
2015-08-03,7732.896045904,31511.95781377,34.12787283020833
2015-08-04,7376.736545427534,30131.88273185,34.50799895833333
2015-08-05,6959.25884243607,28317.0042271006,34.83792390833333
2015-08-06,2640.1394968795,10070.305467269,31.41595018958333
2015-08-07,5199.3241337153,21614.810629367,30.525630804166667
2015-08-08,6422.1759713388,26375.03483015,29.578181865624998
2015-08-09,6624.646685829163,27145.754654231,30.792780095833333
2015-08-10,6426.4989305898,26438.484320241,30.637469846875003
2015-08-11,4854.9201534206995,19963.55576357,28.110684216666666
2015-08-12,5031.38389251247,20581.562735581,30.395594674999998
2015-08-13,6837.4359709038,28039.38899932,33.32107868854167
2015-08-14,7028.5042382784995,29343.85296431,35.526698063541666
2015-08-15,7273.2806205753,30084.5767089,35.357128405208336
2015-08-16,7160.720576586752,29416.408500843998,35.671167501041666
2015-08-17,7227.734623532691,29140.5793852,34.595709382291666
2015-08-18,7320.2552377835,29345.629865799,33.463751011458335
2015-08-19,7273.4692812626,29354.247813883,33.190459509374996
2015-08-20,5802.82783124023,23649.33823037,31.44427570625
2015-08-21,6521.259277934917,26850.6260416,32.783072615625
2015-08-22,6012.89808065817,24686.02487138,30.168067278124997
2015-08-23,6696.773482753707,27432.44327839,30.217975544791667
2015-08-24,6762.17312798011,27437.07260906,31.9442741375
2015-08-25,3730.03805589882,15191.7051601974,26.67193851770833
2015-08-26,6165.5346060289,25809.16839529,30.930660964583335
2015-08-27,6906.32507865689,28384.4800767,30.842962346874998
2015-08-28,7104.6053271537,29130.672701178,31.131034684375
2015-08-29,6491.24540302426,27240.866553275,31.566858472916667
2015-08-30,5770.3866012093,23835.591588148,31.336075316666665
2015-08-31,6617.1442191749,27019.5630836247,31.070164379166666
2015-09-01,6701.2591051039,27315.45022017,29.09601395
2015-09-02,5533.359126018,22535.2451462543,30.25388533541667
2015-09-03,3851.795090474386,15528.104304527,25.539125055208334
2015-09-04,3428.9616499949498,13116.282954631,24.832830971874998
2015-09-05,2186.4916023760898,8201.160497255,23.6777744
2015-09-06,6997.4543667902,28377.0702932855,28.963655082291666
2015-09-07,6237.21172674837,25547.462370958,30.625287098958335
2015-09-08,3944.24775616982,15305.52027821,29.01721300729167
2015-09-09,3466.55947864394,13310.3614859347,28.540986110416668
2015-09-10,1786.1036166446079,6809.33410462,25.067833467708336
2015-09-11,6508.423421571167,26425.2212281334,28.55645240833333
2015-09-12,6748.0614885636,27482.90333933,31.280780128125002
2015-09-13,5326.74822481186,21499.736726397,28.807739512500003
2015-09-14,6150.452981359923,24740.93055406,28.477714140625
2015-09-15,5049.489890139,21529.79567513,29.057420077083336
2015-09-16,5958.282465646216,23844.63618863,29.338696790624997
2015-09-17,6568.8252355496625,26135.70889304,29.788112245833332
2015-09-18,6870.77858166023,27704.00559885,30.050739766666666
2015-09-19,4616.5390917345,18467.89340859,28.680109959375
2015-09-20,6811.8516866963,27052.25294066,29.816333630208334
2015-09-21,1022.05175975659,3975.59950582,22.97415396145833
2015-09-22,4638.1789419172,18570.3754126,25.039166678125
2015-09-23,6834.3582883935005,27167.3619324567,26.664772171875
2015-09-24,6730.44930923394,26996.49404313,28.900330745833333
2015-09-25,6959.144073521219,26801.777845419998,30.246848542708335
2015-09-26,6760.2660045662,26996.55911599,31.066313954166663
2015-09-27,6565.999416389616,26425.094045499,27.999653733333332
2015-09-28,5899.683530895688,24549.705667839,28.150326078723403
2015-09-29,6533.4413746436,26366.82682229,28.199383033333334
2015-09-30,6369.1084922669,26321.284835636,28.862478015625
2015-10-01,6335.2309936007,26150.26415762,28.879330798958335
2015-10-02,6043.737563246239,24796.7482948,28.348353103125003
2015-10-03,6174.1939900555,24933.981569361,26.237750036458333
2015-10-04,4389.15870135999,17785.5682374017,26.484677138541667
2015-10-05,4455.11799726022,17642.138084811002,24.877234859374997
2015-10-06,4105.02438779562,15955.94972714,20.515176951041667
2015-10-07,5393.71139685036,21151.31258476,19.591487289583334
2015-10-08,6309.00026465361,24683.82653122,21.149751041666665
2015-10-09,5865.03583202118,22445.44058925,25.051416613541665
2015-10-10,5148.03388913334,20202.640380786,26.536453761458333
2015-10-11,5894.10242711826,23637.102997759,26.649147103125
2015-10-12,4863.2753015438,19272.91983612,25.612460854166667
2015-10-13,5826.827589552484,23506.989645449,25.828266446875002
2015-10-14,5621.5537274601,22882.22900139,26.642638730208333
2015-10-15,1487.2450253391,5679.9865387553,23.334626140625
2015-10-16,3289.8396664996,12953.234089995,23.784398291666665
2015-10-17,4079.66499390804,15965.64488286,24.13520129270833
2015-10-18,4627.221667579,18185.1027757,24.407363398958335
2015-10-19,5489.7452917337005,21908.377049,24.16246059166667
2015-10-20,5438.2679985821,21526.0604195344,20.90932760833333
2015-10-21,5029.168321857197,19641.20232195,16.9215728
2015-10-22,6114.9182171799,23647.684880899,17.350193239583334
2015-10-23,6060.36615059771,23584.917580541998,18.147289408333332
2015-10-24,6167.76601257861,23751.7022727855,21.20200004166667
2015-10-25,5116.4907391144,20148.44913211,25.752504696874997
2015-10-26,4835.07752758457,19118.27714163,22.507677034375003
2015-10-27,5474.15847746259,21669.23468439241,20.364623803125
2015-10-28,3302.1642911921,12723.338852163,19.1734063375
2015-10-29,2728.259349337,10339.619203369,17.411762741666667
2015-10-30,3209.8509369849,12451.70490131,14.516820563541666
2015-10-31,5894.647870313039,22735.78927892,15.655651668958333
2015-11-01,5822.686198581469,22733.46548834,16.838655133437502
2015-11-02,5788.55023281892,22757.729820628,17.883684091354166
2015-11-03,5169.52744650274,19897.08293415,19.477490839583332
2015-11-04,3662.0507541717,13835.794999799,15.732041673958333
2015-11-05,5881.03970381435,22347.250469399998,12.9274352184375
2015-11-06,5807.690578450852,22022.514969009997,12.255115695625
2015-11-07,5756.8072711203,21918.68476537,15.819957192395833
2015-11-08,5644.379952197376,21804.834873771,19.904547478125
2015-11-09,5632.270583618139,21864.534353515,15.84336221375
2015-11-10,4575.70414427766,16914.690665867998,13.857586873645834
2015-11-11,5800.8979805001,21401.60192987,10.874533576666666
2015-11-12,5972.5367099303,21854.1940671,13.210584530302084
2015-11-13,5726.95456831178,21599.615872297,15.1306909528125
2015-11-14,4836.906649309569,18230.68609782,14.7649999165625
2015-11-15,1721.42774438358,6455.877973078,15.388171298958333
2015-11-16,2211.50323779262,8250.441560743,11.188568366770832
2015-11-17,5584.130073352847,20224.268030463998,7.944918982172812
2015-11-18,5342.769209674509,19607.14772409,9.088201310229167
2015-11-19,5566.475460043839,20752.780265277,12.536445673459376
2015-11-20,5380.231799364363,20313.016014763998,13.8383911528125
2015-11-21,5416.192209523336,20124.57319873,16.595600719270834
2015-11-22,5422.05537430321,20106.45779780244,18.929854264583334
2015-11-23,5149.80935114443,19739.0450343441,16.71982987666667
2015-11-24,5218.817366443,19836.729700229,14.923989639479167
2015-11-25,808.29514787781,3104.9487884,17.0455126709375
2015-11-26,3042.5079428289,11136.18226256,16.062790586458334
2015-11-27,5344.21553215621,19462.2765520986,9.874432843020832
2015-11-28,5410.97082602887,19669.1112891782,7.861803157925
2015-11-29,5344.5556727973,19337.715723,7.190008078658562
2015-11-30,5116.36684688924,18433.41145248,6.25188422621875
2015-12-01,5312.86387643673,19271.91468807,6.437364649166667
2015-12-02,5272.88548587738,19443.2480948493,8.756387727427084
2015-12-03,5187.1896404140125,19425.2760970742,11.615984882172084
2015-12-04,4966.179121796786,18674.412963849998,12.530357707545834
2015-12-05,5010.55654741261,18803.78948126,12.8757025634375
2015-12-06,5052.601855621048,18765.559012852,15.001818305864584
2015-12-07,4473.33445111543,17004.21527892555,14.892517323125
2015-12-08,4673.0570478567,17558.37629635,12.374292930389585
2015-12-09,4050.8120814963,15221.189882732,13.18775593875
2015-12-10,4385.2537959164,16590.38095133,14.296043998541668
2015-12-11,2681.15376254934,9746.05526861,14.213844987708333
2015-12-12,1887.25064503715,6720.18953579,7.696838018854167
2015-12-13,5226.1618486126,18842.88091905,6.87101274753125
2015-12-14,1020.694720357257,3657.159684705,3.285314791209375
2015-12-15,5236.0198934634,18516.892214090698,3.4236921207708337
2015-12-16,5282.2554453071,18779.159206623,3.0118819608020835
2015-12-17,5202.84372484203,18666.10220534,4.037327538758333
2015-12-18,5074.10316606885,18695.597948991,9.026528947666668
2015-12-19,1600.15888620647,5742.95569468,10.64855546125
2015-12-20,4808.095978991187,17256.443728616,11.3464272028125
2015-12-21,4933.312960859637,17920.4896490769,9.680692087729167
2015-12-22,968.3227387956415,3500.222910703,8.434192113645834
2015-12-23,2796.92837351737,10500.55036117,14.330525421875
2015-12-24,3365.3794302667,12146.558367736001,13.458171281874998
2015-12-25,4334.2895999323,15386.1739510936,10.269777831354167
2015-12-26,4940.31329633553,17146.52147157,4.5778379916695835
2015-12-27,5225.25442518506,18604.79002976,3.6813240376749996
2015-12-28,4650.0976934345,16802.3749406,5.676651627822917
2015-12-29,2428.27796273696,10261.88161409,2.7819472450093023
2015-12-30,5230.886346716704,18885.80957448,5.471623843989583
2015-12-31,4858.308820369,17553.4467505,6.232499937270833
2016-01-01,5012.452289002,18459.44781693,9.920887786072916
2016-01-02,5191.005320274963,18624.95868602,13.3164976134375
2016-01-03,5088.156433748444,18589.87233417,14.968159860312499
2016-01-04,792.2263731836,2946.648697059,12.299959391666667
2016-01-05,3473.2309335148,12811.62293241,12.3195752278125
2016-01-06,4018.3753564015997,14663.67203574341,11.260095057083333
2016-01-07,393.02612604152,1556.74044434,7.276258138229166
2016-01-08,1952.7394212702,6914.66744808,6.305135378749999
2016-01-09,4514.025805384961,16426.17603392,6.860113430718751
2016-01-10,2586.7589305129,9115.00356364,5.953821816820834
2016-01-11,5456.114121356448,19616.2622809951,6.386247656916667
2016-01-12,5548.830218324346,19931.222032093,7.442993060165626
2016-01-13,5489.26591417034,20203.489319129,8.34283102590625
2016-01-14,5411.610777394108,19729.835406165,8.20061114718854
2016-01-15,2060.098591165983,7261.08534075,8.184571762326042
2016-01-16,4864.45955059721,17577.45675155374,8.659932876072917
2016-01-17,5423.814042059343,19974.667101069997,10.442850675833332
2016-01-18,3644.546005945,13301.719719831,10.441413178187501
2016-01-19,5228.101640263705,19406.92769213,11.92078712734375
2016-01-20,5467.594353280943,20136.93063702,11.593113372708332
2016-01-21,5578.248630301471,20284.62333775,10.920223403958333
2016-01-22,5416.61575808435,20252.84335244,13.118019613958333
2016-01-23,4338.899465598,16251.562037172,13.4408564590625
2016-01-24,5496.8791046513,19876.99536698,10.287410752395834
2016-01-25,4504.0836226088,16108.87256309,8.540151677848959
2016-01-26,5868.211297026618,21104.693205446998,8.368599502278125
2016-01-27,5924.39939099795,21340.34768377,11.4794224790625
2016-01-28,5508.62828461636,20517.421279074,11.312568364597917
2016-01-29,5507.0379526423,20654.1793886443,11.65740053010729
2016-01-30,5601.85233965586,21059.3515301757,13.920980324791666
2016-01-31,5700.68718002903,21338.30730561,16.729672521041667
2016-02-01,2314.50069406407,8032.673892469999,8.060419014999999
2016-02-02,6394.859793804824,22294.30071942,4.243185158395833
2016-02-03,6241.66307631162,22440.83624194,4.128004663671875
2016-02-04,6034.5847503145,21631.575511437,6.625707182666667
2016-02-05,6199.01213019505,22656.802158349998,8.888394761020834
2016-02-06,5865.596486937687,23127.35586208,14.440582146354167
2016-02-07,3923.6608898517,16467.3096165,12.1259420389375
2016-02-08,5494.8892665083,23242.2607422,15.805082293749999
2016-02-09,5420.0967955196,23238.8494047151,16.833363506979165
2016-02-10,5330.1047825397,23408.392922418,18.766223399375
2016-02-11,5347.282584479181,23607.880117137,16.469445542291666
2016-02-12,5374.79042204946,23896.49895398,17.347426964270834
2016-02-13,5322.450919157678,23638.838969280998,17.816819630729167
2016-02-14,5397.93487568609,23679.91207964,16.9159929459375
2016-02-15,5443.414234288623,23804.9122282,16.70488885
2016-02-16,5399.73943966227,24159.947980270998,18.494687353645833
2016-02-17,5350.7239891713,24037.0130358,19.922891115625
2016-02-18,3363.6410440688,14899.5933573037,18.8525474875
2016-02-19,3376.86987251978,14515.39595696,19.4640382
2016-02-20,5393.203073354793,23753.10511708,18.799449149583335
2016-02-21,5541.90863420141,24328.369217514,18.3788564590625
2016-02-22,5768.4668678396,24661.988941846,16.2410277921875
2016-02-23,5651.4510611325,24028.238041502,14.568109981041665
2016-02-24,6034.5475200165,25483.43107315,15.606359948541666
2016-02-25,5820.658553153723,25406.87619765,16.342183964375
2016-02-26,5702.3044310408995,25432.827829179998,18.9846028978125
2016-02-27,5640.1257019726,25195.45489868,18.738402720729166
2016-02-28,5745.99815926666,25608.998249379998,18.230880729375
2016-02-29,5514.0664100236,24285.68308252,19.0624582503125
2016-03-01,5442.16112637266,24215.498180369,19.103978145625
2016-03-02,5418.13288973077,23909.309483124,19.060002382083333
2016-03-03,5352.73057183158,23990.13476835,19.651945591354167
2016-03-04,5654.9003179235,25613.20792317,20.942127464479167
2016-03-05,5225.5409879319695,23175.04325264,20.750643544791668
2016-03-06,3871.7976927264,16577.0582279775,19.71531374375
2016-03-07,4529.0648116207,19510.84052129,14.844379518541666
2016-03-08,5541.910987618,25340.222886473,12.387855270416667
2016-03-09,6056.1217139978,27161.286819959998,15.042733770729166
2016-03-10,6668.7049068873,27675.294113047,17.986499862291666
2016-03-11,5189.1822333051605,20927.72400332,19.6793065309375
2016-03-12,6827.72165412462,27415.22112169,15.689160944791666
2016-03-13,6792.0791766743,27824.499596886,16.0969490403125
2016-03-14,6620.90316338006,27067.76911247,18.096879726458333
2016-03-15,6426.30973118434,27565.002111683,19.192522015312502
2016-03-16,6717.6965633049895,28089.94497612,19.8701827715625
2016-03-17,6722.70836396446,28047.12485321557,20.07582184375
2016-03-18,6833.557617231,28314.366029943998,19.86027326375
2016-03-19,6725.38133937794,27936.2144491,20.2444143359375
2016-03-20,6741.3171900273,28252.268499056,20.906385525312498
2016-03-21,6683.818331328178,28281.03393964,22.3551888746875
2016-03-22,6912.798628095787,28651.440135422,21.380866903125
2016-03-23,7253.8118126255995,29458.3954626,16.552668804583334
2016-03-24,7082.02958365242,29292.18043562,16.0507350140625
2016-03-25,7050.9977130395,29051.379737119,16.976623829583335
2016-03-26,7036.34229087798,29081.235889888998,19.29563886489583
2016-03-27,6975.7097412914,29077.679263745,20.82593405875
2016-03-28,6313.86553586622,26713.82267357,20.759489578125
2016-03-29,5911.622280611,23028.187722636998,17.102513867708335
2016-03-30,5397.1594212051,22125.1526825744,14.0037013909375
2016-03-31,7352.463442196166,30697.142610876,12.980437588645835
2016-04-01,7002.1040706058,29025.982058345,15.512406196875
2016-04-02,7251.826265292803,29968.60524799,18.24247680604167
2016-04-03,7228.9197613445,30536.19702478,21.2256272615625
2016-04-04,7041.96619497754,29872.71718738,21.64672585166667
2016-04-05,6820.4769838549855,27888.872866029,22.7577870625
2016-04-06,6899.0156657635,28273.5326980669,24.101829957291667
2016-04-07,3032.65530650687,11860.23217971,23.148893484374998
2016-04-08,4477.217553234929,17535.054734437,19.12216754631579
2016-04-09,7554.932823283881,30557.865075582,19.936364625208334
2016-04-10,3454.506940984882,13385.32790817,14.2256827625
2016-04-11,7573.01772452189,30511.345936945,17.501336727395834
2016-04-12,6900.7860660352,29001.5403197356,19.297334340625
2016-04-13,7642.176310214567,31203.4752567633,20.829830918645833
2016-04-14,7557.95599558227,30872.556192783,23.048788082291665
2016-04-15,7631.1843968231,30581.5433800333,21.203291757291666
2016-04-16,7896.1719663720405,31256.029993009,17.338440923958334
2016-04-17,7378.473295229257,30486.378453961,18.569093575729166
2016-04-18,7871.3199634966995,31741.408050874,19.215590208541666
2016-04-19,7623.74069814025,31123.75012406,21.1980649459375
2016-04-20,7719.1069650063,31586.567859296,22.615673825000002
2016-04-21,7620.2698100488,31410.6270089573,24.753878566666668
2016-04-22,7437.8078869385,30504.86384677,25.907004439583332
2016-04-23,7642.295178374674,31045.90016633,24.89657195
2016-04-24,7767.094447568604,31624.984172529,23.60712953958333
2016-04-25,7258.76298249356,29760.07500693,22.323549714583333
2016-04-26,7906.948570734,31314.4094507,18.063575125
2016-04-27,6883.79188799653,27913.50678493,20.454644742083335
2016-04-28,7309.916859602443,29903.37109278,20.835458229166665
2016-04-29,6567.16514708324,26014.00385941,18.217559107916667
2016-04-30,5796.214840678934,23179.83295427,19.778300975
2016-05-01,5594.93561116734,22389.62996214,18.300491846875
2016-05-02,7816.80647659649,31545.26835808,21.092991904166666
2016-05-03,7715.2503364637005,31640.44828387,24.121564739583334
2016-05-04,7455.5834043387995,30822.14592155,28.811600580208335
2016-05-05,7782.5012754915,31991.37775334,27.624635403124998
2016-05-06,7766.1053883444,31219.296819114,23.37051608125
2016-05-07,7947.3877114556,32199.76283963,20.704420217708336
2016-05-08,7454.2630743605,29987.8471589675,20.381170172916665
2016-05-09,7862.49409495626,31938.381738818,22.19732520625
2016-05-10,7781.6442831575005,31919.357333496,24.710956069791667
2016-05-11,7683.2766173107,31716.742608544002,26.348438834375
2016-05-12,7491.485977422664,31367.703988924,28.28528256458333
2016-05-13,6619.184194313501,27226.75427084,28.780403919791667
2016-05-14,6008.86250968927,24603.09045897,29.0231724625
2016-05-15,7902.62218679896,32521.445780151,28.536880911458336
2016-05-16,7926.3687879265535,32430.15064485,25.959470984375002
2016-05-17,7612.9511987735,31184.55005385,26.605236352083335
2016-05-18,5875.931871848068,23749.375724021,23.641926984375
2016-05-19,7741.74676317275,31612.41319834,25.449730139583334
2016-05-20,7721.40952455532,31844.69095839,27.973586914583333
2016-05-21,7423.26799831098,30485.30743808,26.153503291666667
2016-05-22,7922.91091557055,32236.93272197,25.494246475
2016-05-23,7903.272062871327,32267.6518261626,25.786733839583334
2016-05-24,7967.67066254892,32312.43385749,25.38333931354167
2016-05-25,7936.16073048048,32262.5438910253,25.192030107291668
2016-05-26,8017.9745385989,32308.1682334,22.319769688541665
2016-05-27,7846.6068786322,31883.86873193,23.772964084375
2016-05-28,7844.3159546713005,32353.196327301,26.220119347916665
2016-05-29,7888.7383938535,32546.4165896528,27.351230544791665
2016-05-30,7859.6228861037,32218.1581046252,27.61600450104167
2016-05-31,7910.432821207058,32115.686177071,26.827798621875
2016-06-01,7670.51179086645,31181.698995011,30.02191303541667
2016-06-02,7798.4067757718,31576.251323655,30.27211104270833
2016-06-03,7793.8123715006,31795.129689270998,31.94128583125
2016-06-04,7624.7272088872,31510.682356767,34.56314342604167
2016-06-05,7479.3901124358,30887.5443007,34.693657621875
2016-06-06,7450.51230691066,30645.020023636,34.5097732
2016-06-07,7829.1268009279,32155.796201423,33.01790608541666
2016-06-08,7649.1003596755,31378.02437327,34.33630666041667
2016-06-09,7509.62093209368,30234.05882854,33.46966796770833
2016-06-10,6435.080254492217,26171.4144526159,31.110726755208333
2016-06-11,6875.295271291131,28084.10017306,30.820711544791667
2016-06-12,7334.048831086684,30155.294273371,32.0048982125
2016-06-13,7488.095544756273,31031.860380361,30.573769695833334
2016-06-14,8036.977583242176,32776.03489794,29.447444527083334
2016-06-15,8005.4770694873,32586.34916426048,30.581313947916666
2016-06-16,7984.785043752391,32815.519576650004,30.81540141875
2016-06-17,7986.88127305196,33038.73287229,31.373339096875
2016-06-18,7818.93146970089,32440.80371343,33.138884378125
2016-06-19,7552.21967322042,31650.304095987,35.81549655208333
2016-06-20,7288.2744827788,30513.616392213,37.148837515625
2016-06-21,6765.83455591415,28221.956805410002,36.61143722291667
2016-06-22,7495.251987068704,31053.099160382,36.54538534583333
2016-06-23,2849.0391013984,11119.40433336,31.74345368125
2016-06-24,4635.74960104632,19326.319150375,32.477644947916666
2016-06-25,4988.58616369585,20716.542634729998,30.22837865
2016-06-26,4927.058251449672,20071.268787279998,31.011833338541667
2016-06-27,5456.43907888346,22778.9980537,32.71631944791667
2016-06-28,5918.30791604801,25299.2600797271,32.80438672291667
2016-06-29,4125.7531912923005,17176.352176766,29.341578801041667
2016-06-30,2699.9461436218,10337.61800258,25.380662094791663
2016-07-01,4287.59057519475,17107.988390002,26.765949357291664
2016-07-02,7597.24983271795,31174.5893897269,31.1659280375
2016-07-03,7648.26301957092,31477.94957063,32.7640737875
2016-07-04,7633.339310605862,31578.88932419,33.592888985416664
2016-07-05,7605.58656234384,31397.55479086,34.27468042708333
2016-07-06,7071.124363006893,29085.5732478328,33.710729541666666
2016-07-07,7463.779568205191,30878.2990836617,33.73655323854167
2016-07-08,7596.9244072785505,31336.37378899,35.115505559375
2016-07-09,7663.0391696320585,31477.9898105914,34.48073723125
2016-07-10,7690.0568755847235,31641.36050201,34.919811471875
2016-07-11,7729.6566899950785,31880.87500493,35.25787295208333
2016-07-12,7028.216426415211,31815.35242039,35.44155998854166
2016-07-13,7563.901550909589,31282.49098626,35.29924532395833
2016-07-14,7550.858778970357,30920.84366686,35.095873871875
2016-07-15,7574.45641411097,31021.34266936,34.778791613541664
2016-07-16,7608.57256564367,31104.50412976,35.50829523020833
2016-07-17,5772.02752851491,22983.090364752,33.77151958645833
2016-07-18,6699.254220568294,27724.665775203,31.94636803541667
2016-07-19,6214.7708584267,26129.565790657998,31.279160923958333
2016-07-20,6007.6126381578,24684.513186829998,32.79434603958333
2016-07-21,6733.4795947091,27807.158630594,35.03703250416667
2016-07-22,7587.04898368338,31762.094567368,37.61218048020833
2016-07-23,7519.9953705482,30829.861079967,36.16053624791667
2016-07-24,7261.0995047659,29415.95062243,34.492855293750004
2016-07-25,7136.9045827616,29447.108715792,34.818238425
2016-07-26,6867.737168068685,28293.71365070344,34.12550580625
2016-07-27,7609.8427393153,31301.822435899998,32.250260390625
2016-07-28,7288.9681736474,30311.361982651,33.638909803124996
2016-07-29,6812.32534328379,28137.16518659,31.728542890624997
2016-07-30,7298.81942215418,29612.02844425,29.997861105208333
2016-07-31,6766.789377976037,28028.45583233,29.608070565625
2016-08-01,6527.78035946766,26715.7783937,28.246127407291667
2016-08-02,2833.5386604056,10950.734249358,26.419746490625002
2016-08-03,4951.21113295726,21109.263697036,27.725211665625
2016-08-04,4615.447227764137,18371.79986462,28.23761839375
2016-08-05,6307.6460544094,26016.135525601,30.641312206250003
2016-08-06,7263.2941790849,29967.37130078,32.278796184375004
2016-08-07,7150.286251165174,29727.466673044,33.35667720208333
2016-08-08,7289.1196700087,30229.481501538,34.478299838541666
2016-08-09,3272.398791458027,12809.849775798,26.967151569791667
2016-08-10,6521.2963180778,27113.677192315,29.80312173333333
2016-08-11,7331.27254042791,29930.89449848,29.739424709375
2016-08-12,7146.34977667344,29352.637381562,30.435087807291666
2016-08-13,7245.2960077411,29976.180791404,31.02198018125
2016-08-14,7529.3254880219,30683.341915376,30.830934030208336
2016-08-15,7409.8175036998,30387.16897614,31.91747341145833
2016-08-16,7229.39369741419,29920.919206111,33.430905096875
2016-08-17,6826.406481003947,28379.37821531,33.257327828125
2016-08-18,7331.17475096358,30101.06254776,31.883004876041667
2016-08-19,6389.7581325621095,25966.62583537,30.17604630833333
2016-08-20,7259.366398561776,29455.292114572,29.890475648958333
2016-08-21,5695.94885589436,23500.88129281,27.527357591666668
2016-08-22,7157.71196306158,29206.722498937997,28.79023976666667
2016-08-23,7167.68758284037,29108.62980136,29.2979841625
2016-08-24,7249.563257756399,29285.83310815,29.50576624375
2016-08-25,7140.68387466016,29230.003208842,30.639766117708334
2016-08-26,5602.728906809,22484.973261979998,28.848246678124998
2016-08-27,7113.8584151825,29138.985596365,28.632663196875
2016-08-28,7397.48376620356,30182.8401056021,27.810932866666665
2016-08-29,7266.05172731881,29892.304304781,29.699739979166665
2016-08-30,7083.56908234082,28757.69114421,32.90242010833333
2016-08-31,5507.049631214914,21813.168289166,30.933687547916666
2016-09-01,6875.1623435553,28638.989143075,31.127094619791666
2016-09-02,6535.479682036025,27023.664697451,31.044362516666666
2016-09-03,6918.867539092458,28526.331713520998,30.548435421875
2016-09-04,7286.66504059549,29810.471198354,29.207352901041663
2016-09-05,7145.265714614199,29474.965596978,30.21588757083333
2016-09-06,4375.699829121584,17268.49494023,28.543127310416665
2016-09-07,1660.241851459062,6358.4622988,22.308943208333332
2016-09-08,5848.803025466729,24113.178408535,26.35579621875
2016-09-09,6953.49838447445,28203.421148174,28.117215400000003
2016-09-10,6886.1934317729,28329.69502798,29.636480061458332
2016-09-11,6911.90231101612,28204.57705635,30.14227216875
2016-09-12,4987.73361010033,20421.19466822,25.612231525
2016-09-13,5701.9198909301385,23126.46780831,27.116806720833335
2016-09-14,6040.73345265132,24473.55218185,27.944327532291666
2016-09-15,6711.510883363271,27080.27710393,26.089907539583333
2016-09-16,7022.335413670857,28385.25450971,24.96929969375
2016-09-17,6990.555144659857,28432.28592088,26.018767495833334
2016-09-18,6884.55295687354,28324.44126365,27.576037451041667
2016-09-19,5474.47928328758,22220.18548284,28.299774285416664
2016-09-20,4044.00297077974,15739.09371295,28.353927177083335
2016-09-21,6265.97800253831,25567.436417535,29.842812515625
2016-09-22,6811.943494972472,27340.0482371835,28.226879590625
2016-09-23,3509.78114971724,13715.15619874,23.339326385416665
2016-09-24,6878.61962550699,27161.614183856,22.58239931458333
2016-09-25,6753.58335114154,26522.719448388,23.100635539583333
2016-09-26,1732.6599633091,6607.93173018,22.75490452022472
2016-09-27,5043.304479211646,19198.398689864298,22.34564913229167
2016-09-28,4069.3709707541198,16295.809358385999,23.872584411458334
2016-09-29,5582.716144058939,22670.49908979,25.403720826041667
2016-09-30,5458.74440796122,21659.693540692,24.903921197916663
2016-10-01,6597.4848267173,26548.912338264,25.082617916666667
2016-10-02,3560.4542086715,13510.13889832,23.096342289583333
2016-10-03,6630.79551948719,26204.60897801,24.062456098958332
2016-10-04,6780.62360971769,26551.506780377298,19.71781594375
2016-10-05,6581.121668921782,26098.06654784,21.649147105208332
2016-10-06,5907.46917166673,23228.14536081,21.888122665625
2016-10-07,6326.1638759921,25199.77307947,25.63763444375
2016-10-08,5899.22270181982,23267.12158304,27.403405167708332
2016-10-09,6174.7959427731275,24812.378127055,27.817877302083332
2016-10-10,6266.581001664713,25215.66763341,24.732081959374998
2016-10-11,6272.85641657238,25223.09385445,25.250832234375
2016-10-12,5756.121890025309,23153.73856852,23.211192318749998
2016-10-13,6353.20444068535,25391.764331108,22.02395467604167
2016-10-14,6221.99787443501,25076.87930658,22.951356516666667
2016-10-15,6143.3668863728,24727.86117656,23.87008225
2016-10-16,6129.771070321344,24574.933134445,23.880822944791664
2016-10-17,6233.394770722152,24797.405017055,22.99944238645833
2016-10-18,6115.88564180198,24341.401593963,22.81641527395833
2016-10-19,6026.40180671353,23922.945116026,22.65860632916667
2016-10-20,6190.91054428466,23948.58443692,23.809625015625
2016-10-21,5871.521991576298,23535.910413499998,27.960878492708332
2016-10-22,5475.27960236751,22051.905003464,25.581608714583336
2016-10-23,4953.29883265872,19671.325969186,25.119342658333334
2016-10-24,4004.5707004744,15613.3566190139,23.577033380208334
2016-10-25,5754.406519314,22793.6425634,23.78775938854167
2016-10-26,5743.3974413853,22966.177333169,26.01804172916667
2016-10-27,5259.256968490086,21059.627976514,27.924696944791666
2016-10-28,4084.58117862794,16209.12196801,26.929153833333334
2016-10-29,5600.79588789076,22337.030783355698,24.242263925
2016-10-30,4785.41537511363,18766.440938978998,24.311072989583334
2016-10-31,4798.421254735631,18946.780014158,23.766192161458335
2016-11-01,5333.66089172591,20651.359545979998,21.105686289583335
2016-11-02,5696.615961658454,21995.92494238,20.460583329166667
2016-11-03,3720.7878164206,14112.714990141,20.996282466666667
2016-11-04,5647.496634876238,21713.621250031,18.176965255208334
2016-11-05,5619.050526523242,21514.19473413,17.497555534583334
2016-11-06,5574.38882282834,21552.641165778998,18.443224546875
2016-11-07,5551.659296627693,21487.221326832,18.8044582375
2016-11-08,5643.5337641866,21311.67134534,23.156957037500003
2016-11-09,5858.09440531478,21693.163994065,21.565262777083333
2016-11-10,5767.8231331969,21159.71108773,19.362583287499998
2016-11-11,5515.44973625736,20793.251752751,21.709482470833333
2016-11-12,5629.059997406436,21020.31683819,20.841460522916666
2016-11-13,5342.74707477976,20398.1727243575,18.8303957571875
2016-11-14,5283.57537314331,20320.155478728,17.224284700416668
2016-11-15,5343.13406572478,20863.982237905,18.712587770833334
2016-11-16,3603.6402675935483,13620.47852734,18.2899870565625
2016-11-17,5446.642735372137,20235.39013934,16.027105335729168
2016-11-18,5376.6364445353665,20374.797212004,13.738822835625001
2016-11-19,5338.303862290282,20204.883543699998,21.7477419984375
2016-11-20,2600.26831299036,9692.04917426,19.69097681979167
2016-11-21,2229.27850876706,8238.87978968,17.159814781250002
2016-11-22,5339.7991936804,19989.2155387973,13.826183909791666
2016-11-23,5359.2921270346,20413.4652184977,13.994088184791666
2016-11-24,5364.8140791063,20013.28994516,14.255813652708333
2016-11-25,4581.400097116199,16989.87892007,19.7431922178125
2016-11-26,2388.27891246219,8865.87819138,20.19549444375
2016-11-27,4436.8281422831,16188.896473711999,13.93103353125
2016-11-28,4462.13422317924,16298.0500545037,11.006231594375
2016-11-29,5527.96545004453,19850.43505704,9.659916694541666
2016-11-30,5401.99200486053,19864.597018329998,6.458362308005209
2016-12-01,4919.853903669761,18158.469955601,7.947648097697917
2016-12-02,4585.41542898363,16806.79916965,9.269362283585417
2016-12-03,4858.44004934029,17772.7552344,10.250806895595238
2016-12-04,5197.99223973468,19171.87385639,9.358151572354167
2016-12-05,4867.983221443946,18310.07997616,10.739244259507293
2016-12-06,4363.0434753974805,16143.2482216,12.122532527812501
2016-12-07,3554.016339975234,13013.80234984,13.044769643645834
2016-12-08,4939.280624568422,18422.0975312,11.715056726145832
2016-12-09,4668.99473248148,17356.0879132,11.889063620208333
2016-12-10,4801.3963545367,18132.532863219,13.111335720312502
2016-12-11,4643.0588922073,17493.442441178,14.152803220208334
2016-12-12,4718.16318190499,17829.086373090002,14.269505820520834
2016-12-13,4362.1198175811,16489.304842804,14.304269839270832
2016-12-14,4495.5599617437,17105.922110763,14.852916675104167
2016-12-15,4391.2173255872285,16806.25466084,15.578711803333334
2016-12-16,2443.6253132883,9304.699472234699,18.276120344791668
2016-12-17,4844.698649376397,17214.423724199998,10.071087889322916
2016-12-18,4548.89469722927,16346.8743068,6.5888692411770835
2016-12-19,4825.43224910818,17570.44322082,13.086873853333332
2016-12-20,3780.9210330924,13920.5020194443,14.87922242
2016-12-21,1110.69753625873,4184.38499898,16.854562467708334
2016-12-22,1436.9463163239,5529.11386827,15.970262648958332
2016-12-23,4955.19073195377,18353.18233271,12.011328656770834
2016-12-24,4858.216032988287,17686.60680111,10.785109978854166
2016-12-25,3113.7977672781344,11314.246164033,6.543315908854166
2016-12-26,5066.00487325526,18488.69771435,7.294196754835416
2016-12-27,4544.29515648273,16917.28634987,10.98014809009375
2016-12-28,2982.01914405667,10905.6188087,12.1975740359375
2016-12-29,1737.9437037349219,6365.468108515,14.37814575625
2016-12-30,3182.20319342,11750.162237912,15.964204951041667
2016-12-31,1918.436435163,6972.480727813,12.703273144791666
2017-01-01,1774.158325739073,6450.572130066,9.945973385625
2017-01-02,3254.071184482917,11712.3012918255,8.7753171253125
2017-01-03,3937.914279488654,14421.812752043,10.7640486165625
2017-01-04,5040.962462857829,18803.8716818,12.641131958229167
2017-01-05,4855.83225278129,18049.62855322,12.712209355208332
2017-01-06,5221.17353225376,19056.011699079998,11.778970988749998
2017-01-07,5141.138872769259,19331.38464768,11.979926056250001
2017-01-08,4866.36811098274,18604.478589643,15.541035730833334
2017-01-09,2063.5471988389,7634.3184696543,14.941197999270834
2017-01-10,4359.943055965024,16127.32668576,13.377408489583333
2017-01-11,4909.89149947214,18363.13589096,12.45078115375
2017-01-12,5029.5421771775,18896.07425137,12.166188652604168
2017-01-13,3508.74599624408,13283.82083823,12.427905147604166
2017-01-14,2309.113818441546,8757.94561285,14.354792851041667
2017-01-15,719.146093132627,2719.15365785,9.653822886458334
2017-01-16,4416.25105462117,16648.254554564,11.301538143229166
2017-01-17,5273.2031652638,19633.00803405,10.975450213229166
2017-01-18,5364.523707007223,19816.435248525,10.995435128229166
2017-01-19,1394.702877496,5005.5921814832,9.62660880625
2017-01-20,977.7390380770701,3589.45881908,10.419442089895833
2017-01-21,3216.4004042497,11579.4017059648,9.377711744791666
2017-01-22,4082.5816538068398,14749.54219868,8.86051276875
2017-01-23,4165.28995857349,15724.833497225,12.67437846
2017-01-24,4548.514073585867,16489.78293233,7.570890017708333
2017-01-25,5917.56623383539,21427.55053105,5.775130744479167
2017-01-26,5908.06222521209,21454.98883161,5.4876123440499995
2017-01-27,5964.866237071913,21513.516467932,6.561773182697917
2017-01-28,6002.2722346312,21959.21325962,8.061078601635417
2017-01-29,6070.74436668364,22162.233720955,11.848001256608333
2017-01-30,5868.96566100724,22323.354784435,15.641799724270832
2017-01-31,5887.17006765439,22280.456479048,12.043104151846876
2017-02-01,5900.112558126647,22533.2813125351,12.6722605266625
2017-02-02,5275.6220283967,19800.47315923,13.141738431979165
2017-02-03,5126.3971905026,19352.59993567,13.657392326041666
2017-02-04,5508.052717033137,21124.8148887243,13.357764972812499
2017-02-05,5542.6911625947005,21242.165127173,14.701392415833332
2017-02-06,3239.53881449241,11799.791739414999,14.376351868854167
2017-02-07,5600.3579486876,20836.965586791,13.725416460104165
2017-02-08,5794.1935329547905,22187.93865005,15.589995552812502
2017-02-09,5450.70274144949,21228.9133333,17.779041482291667
2017-02-10,5832.52688093328,22954.111742364,19.5789431709375
2017-02-11,4997.97332556877,19184.58688548,18.629884225
2017-02-12,3034.66552323515,11437.507159388,16.0279606646875
2017-02-13,4444.908654039035,17198.471510029998,15.812662017708334
2017-02-14,4174.24272788695,16042.658414360001,14.3985774696875
2017-02-15,6446.8742358018,23413.785139724,15.626001114583334
2017-02-16,6093.1705891439,23320.402867751,15.301732476666666
2017-02-17,4923.6899156074,18507.41786632,15.994538310104167
2017-02-18,1707.25732290785,6502.54415055628,14.653423594791667
2017-02-19,3119.1378023603897,11275.76220883,11.168554369791666
2017-02-20,5753.4742712376,22771.79000162,14.478557884062502
2017-02-21,6283.566360789315,24723.419296,15.838340341666667
2017-02-22,6335.3066906278,24948.720618141,17.944815073020834
2017-02-23,6795.31301630399,25748.479714690002,14.155292630416668
2017-02-24,6801.961679646419,25821.9379652,9.329509206401042
2017-02-25,6787.5486708831795,26093.65901664,10.458059057285416
2017-02-26,4441.34328346044,17147.542984538,13.538964189166668
2017-02-27,4523.24293673604,17166.279091559998,14.135585752291666
2017-02-28,3277.42517452378,12934.285994429,14.835341518333335
2017-03-01,6778.54111372591,26320.0589445744,13.347604043333334
2017-03-02,6832.2572344722,26682.45631758,15.410839092604165
2017-03-03,3313.09575147981,12342.72099772,20.552528858333336
2017-03-04,5791.7908085441095,24182.6282614351,18.672118078958334
2017-03-05,3297.217360951257,12939.87604137,18.533137742708334
2017-03-06,6701.88547007477,26884.74187785,15.193734994270834
2017-03-07,6851.975747112,27182.068651608,15.125305761249999
2017-03-08,6728.65326408645,27149.081454547002,18.505261599375
2017-03-09,6715.152503663926,27297.810318334,20.2703980353125
2017-03-10,6626.664098838606,27280.692220124,21.873356717916664
2017-03-11,6587.9270424367005,26683.0320788,21.517340292708337
2017-03-12,6718.750081670367,27171.973152939998,20.808911970833332
2017-03-13,6706.425568119749,27364.18530848,21.552629674479167
2017-03-14,6786.8727558438495,27806.35012343,22.87205
2017-03-15,5228.0557277548405,21077.614676193898,21.99443857385417
2017-03-16,6763.80034745272,27556.63847569,22.862081170833335
2017-03-17,6711.044635162701,27578.717466206,23.234615840625
2017-03-18,6688.610748290961,27710.403420969,24.156393569791664
2017-03-19,6707.767323777213,27801.495310217,24.716777855208335
2017-03-20,6682.275486072133,27456.148748999,26.39624301875
2017-03-21,6931.7998774525295,28287.88993178,25.395395794791668
2017-03-22,6114.163892951596,24560.61160583,22.137536926041665
2017-03-23,5054.5003307145535,21750.3193253769,15.959480471041667
2017-03-24,7286.3629456418,28907.5012348444,15.549273193125002
2017-03-25,6467.3111396828,27426.602390836,18.028688658958334
2017-03-26,7004.6183526225,28689.138201489,19.053195552083334
2017-03-27,6041.1399683604,25070.386123321998,19.236482647604166
2017-03-28,6921.9919231021395,28140.31730548,16.684565947916667
2017-03-29,7406.8731119691,29653.836457189,17.806712916145834
2017-03-30,7369.001981868969,29831.5120633,20.547612270520833
2017-03-31,7096.14018263023,27975.472257356,16.930731419791666
2017-04-01,4880.058043144959,21332.703724228,13.351883132291666
2017-04-02,7006.81812749126,29657.95790674,15.846891091875
2017-04-03,7212.735995981982,29133.86344186,19.5786401040625
2017-04-04,6904.601292350638,27415.68442544,18.241519641666667
2017-04-05,7440.99483715348,30139.51024218,19.003629688229164
2017-04-06,6784.63774395676,28285.841213584,21.778854271875
2017-04-07,6701.02082898123,27500.9345634534,22.70588423125
2017-04-08,7117.6914379548,29357.37777382,22.3712523140625
2017-04-09,6246.4891715959,25393.3113155655,18.979900528229166
2017-04-10,6715.2316962985005,27542.78534309344,19.319165529791665
2017-04-11,6884.343560456396,28019.580651534,21.221503443229167
2017-04-12,7323.5398705152,30242.44348579014,22.424805635208333
2017-04-13,6842.48350200772,28228.33291901,24.03260177197917
2017-04-14,7396.47818034801,30486.811494777,23.74043749791667
2017-04-15,7521.913148444271,30984.3873515724,22.658711672916667
2017-04-16,7225.6199992431,30333.9587689,22.803067174479168
2017-04-17,7347.628160863452,30068.6386734,22.767062507291666
2017-04-18,7436.9433000037,30735.423594554,24.4587178646875
2017-04-19,7433.487317973161,30535.511160154998,23.98608447604167
2017-04-20,7626.4220913272,31347.9889293,22.99226274791667
2017-04-21,7582.0762868622,31291.721107708,22.981030100520837
2017-04-22,7492.6307338364,31290.127590492,24.742300850000003
2017-04-23,7384.48330257522,30914.748558108,26.838159675
2017-04-24,6967.9665108104,28666.357527215,25.643670264583335
2017-04-25,6930.650538421738,27753.741044144,23.662064879166667
2017-04-26,7562.062559368661,30726.898922076,21.943680477083333
2017-04-27,6899.10452076324,28176.35663853,24.66790147916667
2017-04-28,5367.83518815419,20691.091268261,23.313675921875
2017-04-29,7983.013767262475,31969.52367958,18.344414285416665
2017-04-30,7816.19506739342,31863.95516622,19.427130763854166
2017-05-01,7762.505545165536,31984.20008317,22.493575164479168
2017-05-02,7663.86604431718,31700.0552706311,24.223913230208336
2017-05-03,7512.19899941562,31259.32860767,26.718894746874998
2017-05-04,7388.515852212328,31153.728165592,28.415415460416668
2017-05-05,5960.83944870656,25241.52129796,29.964733644791668
2017-05-06,7659.33472768909,31528.411845731,27.384931613541667
2017-05-07,6928.74298541822,27857.480947277,21.292969784375
2017-05-08,5429.75718950968,22227.99933664,19.147047408333332
2017-05-09,4555.6675271658005,18537.640434509998,15.114457266666667
2017-05-10,7135.9283296124995,28884.294512318,17.96018881875
2017-05-11,7820.6081288904,31942.845346523998,22.231465140312498
2017-05-12,7680.534695426506,32093.809734056,27.84601628125
2017-05-13,7775.1650983840145,32330.787814299998,28.520067223958335
2017-05-14,7363.40074259182,30212.27376815,25.910789404166668
2017-05-15,7959.573335720304,32520.009744011,24.304670090625
2017-05-16,6739.52592058925,28217.406850199997,19.102310240625
2017-05-17,7934.407457179809,32271.70794213,21.4446273425
2017-05-18,7875.981855951785,31663.50575022,23.119883035416667
2017-05-19,8045.711738042327,32681.90235935,22.47695935208333
2017-05-20,7930.7983248508,32717.6203073,24.509121488541666
2017-05-21,7824.0478092302355,32524.05270805,26.875651727083333
2017-05-22,7785.973889040081,32374.64467756,28.191163504166667
2017-05-23,7748.639611168425,32253.65603796,29.173449152083336
2017-05-24,7675.830089261214,32162.305867388,30.922722330208334
2017-05-25,6810.0663137625825,27700.02750022,29.710899284375
2017-05-26,7904.0237414576,32451.357116131,28.773334540625
2017-05-27,7916.591616237226,32893.480645486,26.907722069791664
2017-05-28,7824.05843733665,32654.927165592,27.929586770833335
2017-05-29,6612.97741149859,27349.59683097377,29.547483790624998
2017-05-30,5965.3736105993,24605.58054038,29.5741493625
2017-05-31,7195.544945410278,30272.03792034,31.29892825416667
2017-06-01,6310.03829672059,26376.280625984,27.879900485416666
2017-06-02,7678.865911406105,31889.066203162,28.596428192708334
2017-06-03,7587.84612746685,31894.9908150037,32.38353573854167
2017-06-04,7509.6310472168,31529.644500669,32.605090221875
2017-06-05,7498.4051883542,31610.640223940998,33.108724375
2017-06-06,7132.0277534415,30048.621333354,33.149516239583335
2017-06-07,6377.582520287312,27268.02811534,32.718120166666665
2017-06-08,7171.26829626225,29982.0978648,32.255881970833336
2017-06-09,7238.871552320976,31169.1154929556,32.33598709270833
2017-06-10,7481.54197111555,31735.324259728,31.296669318750002
2017-06-11,7711.15901848838,32538.163143867,29.814611865625
2017-06-12,7490.57825817273,32164.483173847,28.475599497916665
2017-06-13,7576.55525337178,32692.89591085,27.752696664583336
2017-06-14,7530.4720370722425,33090.613714240004,29.01281841145833
2017-06-15,7490.879095985132,33185.78594055,30.543415462499997
2017-06-16,7422.36740172244,32611.460450599,31.06429660625
2017-06-17,7318.61787312081,31961.031467132,31.486712715625
2017-06-18,7157.66859445763,31449.75965625,32.55410666458334
2017-06-19,7078.54768434806,31308.8822983255,36.343871388541665
2017-06-20,5947.204535873757,27256.27725749,39.10068311979167
2017-06-21,6078.1025102733,27600.091498813,37.944702568749996
2017-06-22,6848.77659805911,30099.485528289,37.168753349999996
2017-06-23,6918.859612442894,30498.61334842,36.553459646875
2017-06-24,6675.02227673441,29948.68551821,37.41505880520833
2017-06-25,6777.605266930688,30877.4400656,38.69445135625
2017-06-26,6663.939067828964,29501.171466825,35.90821307395833
2017-06-27,7087.49001510122,31227.0905576789,34.848846190625004
2017-06-28,7024.03224224064,30881.2662969477,34.380269661458335
2017-06-29,7127.647861841628,31468.43405902,33.987378465625
2017-06-30,7347.21882635454,32498.94790622,32.304198840625
2017-07-01,7168.8202837918,31778.2015878,33.89213661770833
2017-07-02,6979.217396071708,30681.68697159,34.21623964479166
2017-07-03,6885.84014667986,30041.76249428,34.248025865625
2017-07-04,6875.326954982494,30173.8022666,34.9652562125
2017-07-05,6854.8565103381925,30251.30403153,35.46349048958333
2017-07-06,6897.605278030148,30575.92654121,36.6821711
2017-07-07,6835.1070310662,30340.08639727,36.75760866666666
2017-07-08,6932.30121213249,30843.53937109,36.646050075
2017-07-09,4661.05745903235,20680.216288935,32.61121989375
2017-07-10,5545.856020819955,24960.910381730002,31.381518557291667
2017-07-11,4569.10871236376,19509.68922372,27.92659503229167
2017-07-12,6342.31154848371,27643.730540738,31.411627257291666
2017-07-13,6720.46995005647,29713.59905489,30.939600457291665
2017-07-14,6294.45075839883,27960.461045492,31.501569356250002
2017-07-15,6431.0937941153,29150.526978051,31.791837994791667
2017-07-16,6275.515455964547,27811.77489034,29.166325215624997
2017-07-17,3897.722993984862,17164.24215395,27.81631480833333
2017-07-18,5131.386152721283,23109.52558949,29.396921220833335
2017-07-19,4947.32738874849,21769.006043196,28.722169166666664
2017-07-20,6368.90590501995,28192.74145182,28.822299557291668
2017-07-21,5766.3169050416,25610.00965035,29.356854237500002
2017-07-22,5258.57625018461,23136.3947198641,28.746487030208332
2017-07-23,3970.842700901761,17457.485865943,27.1679827
2017-07-24,4603.546020369204,19795.6921213053,28.096122731250002
2017-07-25,6741.352115320791,30130.946161699998,31.38086905
2017-07-26,5924.510004824028,26323.71566617,32.509477996875
2017-07-27,5602.203033692749,24881.38057212,32.375120346875
2017-07-28,5407.17330230928,24195.811135973,28.21526617083333
2017-07-29,5107.85301974524,22613.52814308,26.842968581250002
2017-07-30,4144.69723275109,18065.612237598998,27.707744108333333
2017-07-31,5863.044447264029,26250.95965846,30.75621996875
2017-08-01,5193.65652084125,22544.767301046,30.25956370833333
2017-08-02,3295.46155320137,14040.134465318,28.923187460416667
2017-08-03,5337.23028245135,23724.741468193,30.096412184374998
2017-08-04,6875.3397993268,30940.5277303,32.24555807708333
2017-08-05,6799.352689929108,30015.3364581,32.480224565625
2017-08-06,7047.891504727145,31210.054415579998,32.30998379583333
2017-08-07,6983.198307541965,30964.60392559,31.6365232
2017-08-08,6769.76420212429,30283.043742425998,32.41326045833333
2017-08-09,6843.73553553276,30545.89685088,33.78118301354167
2017-08-10,4956.43090297031,22283.844450095,31.169853093750003
2017-08-11,6716.3519876941,29927.354308023,32.72942705520833
2017-08-12,6659.99643491421,29277.72850862,33.668965086458336
2017-08-13,6895.972484104696,30351.16412244,29.345200126041664
2017-08-14,6641.640550115686,29124.65566773,31.189421661458336
2017-08-15,6246.78275305503,27510.783332857998,31.43360175625
2017-08-16,7045.41447187162,30884.92671275,29.798057733333334
2017-08-17,7049.10988928429,31163.30860179,29.76513539375
2017-08-18,6990.0611500684,30981.9670417,30.390212958333333
2017-08-19,5251.82465248485,23243.51388132,29.385942390625
2017-08-20,5449.2646118924,24053.635622357,30.84868859270833
2017-08-21,6137.629047238338,26780.88189448,31.1384363125
2017-08-22,6793.71262479118,30347.25565161,33.02447810625
2017-08-23,4202.2201927271,19122.11956675,28.898092529166664
2017-08-24,6777.548813405436,29916.129040064,30.932899375
2017-08-25,5637.48044868132,25252.580833645,29.89367379375
2017-08-26,6460.42861299429,28930.725894799998,31.414600528125003
2017-08-27,6521.17111026152,28815.926902362,32.2080808375
2017-08-28,6746.71813246318,29355.5994447,33.267672319791664
2017-08-29,6664.89333251056,29067.55695963,34.313866876041665
2017-08-30,6743.26876221085,29298.61772611,32.983745114583336
2017-08-31,6892.7428275361,30007.67737491,34.449576315625
2017-09-01,6776.9540197274555,29479.3473172,33.43128948333334
2017-09-02,4043.2698339661,17712.00973482,30.239818278125
2017-09-03,6246.40368375845,27409.007508471997,31.60320139166667
2017-09-04,6254.21471382625,27463.503846001,31.547353927083336
2017-09-05,6320.7840048702,27967.612472804998,32.56017595833333
2017-09-06,6139.277349916,27159.344467202,32.585701509375
2017-09-07,5535.43932293643,24264.633526951,31.385269890625
2017-09-08,5026.45607773491,21915.45077645,28.253178471875
2017-09-09,5680.03943039923,25027.93361489,29.009262876041664
2017-09-10,5300.971746103004,23534.90453325,30.781618036458337
2017-09-11,5895.230662370979,26016.70466089,34.23810918645833
2017-09-12,6293.105309305425,28020.68694947,33.167225692708335
2017-09-13,5720.824990274988,25426.50223811,32.25731041354167
2017-09-14,6192.477675207567,27228.76695561,31.941951148958335
2017-09-15,5242.926054022361,22306.4368932,29.834487155208333
2017-09-16,5702.3572365169,25100.00826871,25.942793819791664
2017-09-17,6138.20652423777,26972.954567679,26.81678475833333
2017-09-18,6274.39013318339,27806.603751614,29.160255755208336
2017-09-19,5645.18839955226,24745.43553663,29.512722484375
2017-09-20,5614.68425375522,24684.54355201,29.050998782291668
2017-09-21,5791.58477641103,25542.60689005,29.296259009375003
2017-09-22,4357.995873523432,20037.169834784,27.548305697916664
2017-09-23,6032.3936412558605,26162.7907888,24.698137438541664
2017-09-24,6422.2042694436395,27749.90486694,21.88466444270833
2017-09-25,6386.00583511619,27705.048727559,21.869876135625002
2017-09-26,6064.408829462082,26588.27869932,22.680227991458334
2017-09-27,6154.992302632359,26821.561220294,23.098966542708336
2017-09-28,6027.15502422428,26400.338308865,24.382602922916664
2017-09-29,5927.395352395671,26244.866002692,27.45560530208333
2017-09-30,5888.5757014015,25968.423380259,27.76961123020833
2017-10-01,6059.17024691055,26608.4907695347,25.557798724999998
2017-10-02,6134.24680369592,26488.9263927064,25.930947879166666
2017-10-03,5981.05569277008,26105.1947170141,25.909972291666666
2017-10-04,5408.26107811557,24124.46367067,28.642864414583332
2017-10-05,5495.03388277253,24432.1829081,30.48640266979167
2017-10-06,5952.65635799818,25801.51080216,26.2989652875
2017-10-07,6021.33148941044,26324.98929387,23.3230892665625
2017-10-08,5990.88987695831,26048.61855101,23.347392348750002
2017-10-09,5887.924802783984,25203.85287159,22.97744093125
2017-10-10,6302.542641153682,25203.84814218,24.439105334375
2017-10-11,5886.763837724996,23847.625576094,29.328006908333332
2017-10-12,5866.59899208654,23639.35464392,26.24813049270833
2017-10-13,5954.29203404493,24026.91330514,25.519583266666668
2017-10-14,6131.96500079359,24464.9798317,24.10190734375
2017-10-15,5780.991462862153,23158.62741534,25.755549647916666
2017-10-16,6145.66908114052,24077.30694202,29.224380739583335
2017-10-17,4619.3668730251,18501.71609788,30.12620120833333
2017-10-18,5666.10419337933,22998.5895920511,26.927913204166668
2017-10-19,4361.989371528486,18005.061137623,25.74696615520833
2017-10-20,5869.8803704025,23245.240881715,25.180159559375
2017-10-21,5875.2691201911475,22941.483815158,21.308140044791667
2017-10-22,5918.80639496872,23397.41696788,21.40467348125
2017-10-23,5948.902509356383,23748.78072679,22.539761509374998
2017-10-24,5982.17088806991,23245.9927784678,24.386405098958335
2017-10-25,5819.24231558795,23120.1752503748,27.175027994791666
2017-10-26,5774.5798273019,22830.599601601,23.069387620833336
2017-10-27,5680.680204566016,22577.8758973,21.976833317812503
2017-10-28,5654.830425492241,22265.2876811,20.712275611458335
2017-10-29,5592.8026269189895,22284.27217981,21.3946701334375
2017-10-30,4405.140060381452,16994.922895929998,21.611512663541664
2017-10-31,4404.518475722728,17178.16763859,20.61967465
2017-11-01,5459.01504878695,21450.15398345,20.731525432291665
2017-11-02,5497.19244756514,21554.03472598,19.708204883333334
2017-11-03,4840.7635555318,18905.44914932,20.620502259270832
2017-11-04,2923.169610456127,11155.067536309,22.257333376041668
2017-11-05,5411.786352591798,21162.34358628,21.222968652083335
2017-11-06,4380.2217858155,16818.036795349,18.8472894075
2017-11-07,2019.86525499509,7692.318696582,20.418380895833334
2017-11-08,5327.4055329025,20568.253337166,19.307685102083333
2017-11-09,5395.74995902669,21202.8933713327,20.34403705625
2017-11-10,4946.831740023005,19397.7721761202,19.523556605520834
2017-11-11,5124.782445842064,19948.4001193,19.66267359791667
2017-11-12,4645.80566530362,18007.484484711,19.327510486458333
2017-11-13,3819.10515087905,15002.61788344,20.374592688541664
2017-11-14,5205.9564413107,20470.019744839,19.726850737499998
2017-11-15,4355.602840381153,16960.898286156,18.7702188315625
2017-11-16,4976.631105068651,19652.411727641,19.411114449270833
2017-11-17,4881.5627649397,18846.787133775,19.158730255208333
2017-11-18,5217.211708205,20107.759626496998,17.328159585416667
2017-11-19,5360.26264780371,20397.422544767,17.535233883020833
2017-11-20,4346.132336435704,16603.22755795,15.544732653854167
2017-11-21,4436.450679521511,17089.82022362,15.2600462578125
2017-11-22,5110.50288338981,19757.98325916,21.067019644374998
2017-11-23,5044.32096764964,19957.2939150941,19.149309149375
2017-11-24,5008.4980694658,19738.786093123,18.149350730312502
2017-11-25,4954.14441514707,19557.8978567946,18.6080877990625
2017-11-26,4889.93075869785,19469.0155195,19.489568445625
2017-11-27,4668.77445269764,18472.516601533,20.0697605546875
2017-11-28,4333.70178867937,16620.463130957,17.17827430239583
2017-11-29,3244.842515165204,12220.14125652,17.446205931041668
2017-11-30,1703.5785784219,6441.31183589,18.660856580208335
2017-12-01,1444.149583621266,5484.21965876,18.236080055208333
2017-12-02,1963.55937105141,7432.050073317,18.757214075
2017-12-03,3878.4104678818258,14666.51155242,16.579563500833334
2017-12-04,3876.66249890716,14744.63337101,15.970003366041666
2017-12-05,1033.77528899227,3883.569973527,14.123821717708333
2017-12-06,4480.4701757945995,16916.82575109,14.25550595875
2017-12-07,5339.186205093753,19346.71299873,10.375221052604166
2017-12-08,5056.7889841173,18804.336990165,8.666097248072917
2017-12-09,4809.51460557928,17768.552381617,13.193278971966668
2017-12-10,3303.74449548367,12080.840405104,19.3033403
2017-12-11,3115.3010554608873,11653.46533633,17.760899398958333
2017-12-12,1634.7354663965139,6038.46452604,16.089613148958332
2017-12-13,4739.1300521374,18202.607754579,16.442348463333335
2017-12-14,4702.873733681859,17686.4374178666,12.2776193965625
2017-12-15,5036.7141762434,18331.522709694,14.736602966354168
2017-12-16,2670.75331466904,9634.35598784,10.608549736875
2017-12-17,1555.44907225214,5772.511197361112,10.342834529791666
2017-12-18,2339.267213478255,8664.04314082,10.517139977291666
2017-12-19,4803.1926724342,17915.1123638827,10.123148029270833
2017-12-20,4926.30988687891,18539.5989924883,11.142914347197916
2017-12-21,4279.97407953424,15315.2023805359,9.05619439765625
2017-12-22,5126.6526691984,18607.284675529998,4.353458324638542
2017-12-23,3819.3201245485798,13949.378541940001,7.147963052291666
2017-12-24,4881.478058722492,18544.01590557,10.6801018449625
2017-12-25,4706.801653053547,18296.03740896,11.561820572281249
2017-12-26,4079.958175495554,15647.147440282,11.218312525062501
2017-12-27,2954.346070526012,11334.501380104999,12.170439899270834
2017-12-28,4818.139123839946,18849.69791564,12.557098338697918
2017-12-29,4799.45786694231,18901.68311286,13.455420118416667
2017-12-30,4788.59689638839,18924.51509392,13.678169035791667
2017-12-31,2993.6200163261,11340.41364896,12.706427226041667
2018-01-01,4540.95297216907,17686.56445406,13.976557856145833
2018-01-02,4597.83531921285,17858.57434636,13.918017476041667
2018-01-03,3084.507050086309,11594.0735084,18.38977076770833
2018-01-04,4096.10797404883,16128.620715151,17.590149345729166
2018-01-05,4748.028678247073,18691.63585189,14.547013847395833
2018-01-06,3862.7237727904,15049.915600803,14.478061445416666
2018-01-07,4441.15024751158,17294.062953574,15.9595427875
2018-01-08,3600.42081500094,14096.751731288,16.3749583025
2018-01-09,1582.3326915894,6134.063652306,17.601500089583332
2018-01-10,1860.29878816115,6981.06851211,12.28488313125
2018-01-11,5034.550783862,19278.627619773,11.789443318437499
2018-01-12,4914.710106495411,18970.849563057,11.506179357312499
2018-01-13,5178.3756679903,19942.848651772,15.532885273333333
2018-01-14,4721.800536693,18317.232120327,14.937592531979165
2018-01-15,4893.3388969491225,19100.356526073,13.5463044471875
2018-01-16,4232.31256824182,15823.81510726,13.53316669
2018-01-17,5116.41724739895,19607.21537981,13.882099415520834
2018-01-18,5099.496847750662,19826.69151172,13.218322953854168
2018-01-19,5084.64567333541,20022.68415215,14.016788166666666
2018-01-20,1639.11095755163,6117.255885826,9.967843749895833
2018-01-21,5597.6612534665,20511.91495607,5.694535951616667
2018-01-22,4440.64504690125,16605.383906351,5.552665556572916
2018-01-23,5644.9030577618905,21219.45912012,8.776972241270833
2018-01-24,5668.63132950774,21543.31608752,17.485989509375
2018-01-25,5139.68063472796,20605.81177795,14.929091416458334
2018-01-26,5424.820794386911,21417.877469973,11.652952508020833
2018-01-27,5403.64282748482,21425.4819507672,10.964543886552084
2018-01-28,5588.3293433859,21797.590822421,15.633834392083335
2018-01-29,5627.52103732522,22084.798084317,21.38758695625
2018-01-30,5008.5430667392,20435.2129293795,19.1176563046875
2018-01-31,5523.5854823618,22388.99963119,14.872851876770833
2018-02-01,5473.2954129626005,22333.83856973,15.31376738
2018-02-02,4624.8133022585,18934.04987471,15.802611108437501
2018-02-03,5453.39557094965,21883.24138538,16.165758183854166
2018-02-04,5468.88448168028,22173.601485619998,15.264302060104166
2018-02-05,5479.29667636656,22220.88034752,15.722504592395834
2018-02-06,5533.13725719847,22264.991933718,16.8634270225
2018-02-07,5743.46649868345,22855.82686057,15.324251205624998
2018-02-08,5684.838117732991,23254.145908948998,16.3365567446875
2018-02-09,5663.442478953896,23119.1718011,16.291754660416668
2018-02-10,5355.02056855595,21594.45680415,16.2238542171875
2018-02-11,5626.731180607556,22630.4456273,16.651425858020833
2018-02-12,5701.916396176577,21837.419075606,16.181434047916667
2018-02-13,5147.45496906158,19641.74866457,16.088551055520835
2018-02-14,1245.624681358624,4661.16834808,12.824636706249999
2018-02-15,1068.958340776011,4059.27636868,12.411626255208333
2018-02-16,1224.26215930448,4641.159565039,14.034365539583334
2018-02-17,5084.17270112823,19434.75979344,16.191182767708334
2018-02-18,3805.63291862708,14941.6562925985,15.669201459375001
2018-02-19,4332.18561106985,16882.240205400398,15.040649295833333
2018-02-20,4677.282840800545,17240.50703309,8.321776693125
2018-02-21,5608.7693329740005,21062.496155157,9.768873879791666
2018-02-22,6571.13701302579,24700.469877781,9.204258070520833
2018-02-23,6657.336058746917,25135.933642065,9.545322930302083
2018-02-24,6764.486236736789,25341.03791658,8.674178186854165
2018-02-25,6711.579143828257,25417.39715837,8.310292774489584
2018-02-26,6691.95723563785,25799.98408528,11.536770903960416
2018-02-27,6023.80088723372,22929.448817113,12.649981530427084
2018-02-28,4747.281219374,18300.7545133788,7.871810282916666
2018-03-01,6540.20148256827,26568.70263154,11.299069441270833
2018-03-02,6838.0627187666,26822.50486039,15.034781237708332
2018-03-03,6909.61722619213,26773.04676364,15.155741957291667
2018-03-04,7030.44709736865,26784.879244429,13.668956071041668
2018-03-05,7071.5080764731,27119.92025667,13.447139971770833
2018-03-06,6195.73358685527,23827.449627844,15.434004525833332
2018-03-07,5848.20798244802,22616.31744118,17.32211115375
2018-03-08,4456.568519298943,17282.777889268,17.451093725
2018-03-09,6422.4690773327,25130.146705283998,17.6638553609375
2018-03-10,2889.0864203758,10730.305925308001,16.368895804791666
2018-03-11,4374.105046320343,16808.169139628,18.653940884375
2018-03-12,6340.43681882563,24383.81519628,20.115138733333335
2018-03-13,6430.55916741387,25236.27005043,20.918150384375
2018-03-14,5404.55265767629,21151.044565668,20.956877504166666
2018-03-15,6152.126313489148,23969.995980435,15.854950379166667
2018-03-16,6157.144137455,23700.281216837,16.398348217291666
2018-03-17,7013.2929600053,27241.4896928563,15.790034773958332
2018-03-18,5349.2609851941,20399.893553221,12.054090334583334
2018-03-19,6884.69223625534,26271.033750669998,12.998136456239584
2018-03-20,7223.09378768007,28416.90636353,16.1685579884375
2018-03-21,6591.37151408123,25634.847865605,19.088318246458332
2018-03-22,5601.8211828779,22439.29291546,22.832518511458332
2018-03-23,7209.85466167408,28307.10022954,21.35014577708333
2018-03-24,3326.6224741110423,12310.757897742,19.24675233125
2018-03-25,6160.69911495744,24161.98686901,18.191107463229166
2018-03-26,7039.12292322374,27667.2736591576,17.93723738541667
2018-03-27,7613.6558313228,29794.455824641,14.552359840416665
2018-03-28,7460.6011045222,29699.861862217,14.840497862604167
2018-03-29,7224.4152952409,29237.178917405,18.701769484791665
2018-03-30,7299.8938975164,29726.68278275,20.893736187083334
2018-03-31,6547.0534247535,27028.277882635,22.307750252083334
2018-04-01,5081.5297710045,20124.983220362,22.17272569895833
2018-04-02,7363.089349837713,30022.584769951,21.816909787916668
2018-04-03,7352.806359498127,30035.60184512,21.350693224895835
2018-04-04,6888.57103230868,28390.447377469998,22.364422545833335
2018-04-05,6872.50389314184,28739.754018271,23.204493088541668
2018-04-06,6573.2852667047,26609.145458782,24.103270826041665
2018-04-07,7149.1508228547,29138.63377081,25.875284651041667
2018-04-08,7362.6217443651,29690.3074779837,24.963433140625
2018-04-09,7353.91093167032,30182.65689018,24.363117137499998
2018-04-10,7106.4812436726,29383.689632723,25.31944476875
2018-04-11,7050.5074993916,29219.433248196998,25.702948057291668
2018-04-12,6450.804550049638,29093.42292504,24.2425591625
2018-04-13,7643.62469919236,31360.30079378,17.378097292708333
2018-04-14,7907.5670707645995,31528.5052932337,18.466351808541667
2018-04-15,7735.966628081291,31377.815517,21.05566187333333
2018-04-16,6778.42029193492,26891.9946605,23.140484814999997
2018-04-17,7866.46519117185,31008.876082119,21.010646958333336
2018-04-18,7823.3369344383,31535.160001957,19.723049706041667
2018-04-19,7827.0073982739,31550.692520126,22.390271901666665
2018-04-20,7952.2583265613,31267.9340090845,18.210721044791665
2018-04-21,6827.2427178417,26743.293516689002,20.654761597500002
2018-04-22,6345.36169407792,25833.90977707,23.611724422916666
2018-04-23,7424.8035671896005,30128.7124848,24.714277832291668
2018-04-24,7404.2651628268,30160.780633516,25.77912421979167
2018-04-25,7593.7670182392,30899.311393467,26.52690723645833
2018-04-26,6726.06777428965,26849.995949716,26.520447902083333
2018-04-27,6347.3100626848,25799.349745181,28.522388903125
2018-04-28,7459.51104418232,30241.19905346,28.078319675
2018-04-29,7653.51494541338,30798.239814449,26.03910515729167
2018-04-30,7342.61058198047,29096.319114343,24.26559949375
2018-05-01,5850.46335953172,22589.62813347,22.57724186354167
2018-05-02,6448.57314903243,26222.11024216,18.239395910416665
2018-05-03,7943.09678760249,31409.7812067988,18.898090330833334
2018-05-04,7893.1665716711,31812.1692443397,22.918967643125
2018-05-05,7840.9221023842,31759.049984408,28.921717575000002
2018-05-06,7340.10950243526,30193.277273901098,32.646344882291665
2018-05-07,6137.3965676188,24357.08533791,29.945565989583333
2018-05-08,7735.4741074853,31789.024105582,29.828003729166667
2018-05-09,7731.5007488559995,31856.310630449,29.985833282291665
2018-05-10,7720.7178069981,31767.552698048,30.194199434374998
2018-05-11,7735.3646320444,31170.48048984,30.631130510416668
2018-05-12,7914.95918589751,31712.652725068,28.0966849
2018-05-13,7407.63803003115,30173.094659680002,25.62915864375
2018-05-14,7870.52749672417,31823.891881120002,27.757869201041668
2018-05-15,7864.84796802619,31907.092805199998,27.462052333333332
2018-05-16,7895.1007244949,32387.72537747,27.877669071875
2018-05-17,7984.074607107992,32393.62831666,28.05241913125
2018-05-18,8007.543713134633,32378.98075482,25.851696942708333
2018-05-19,7910.91791296717,32116.29392481,27.159113450000003
2018-05-20,7893.35402296441,32073.45811729,27.644707377083336
2018-05-21,7996.02023636347,32315.66051287,27.857407432291666
2018-05-22,7946.489061859327,31905.04173417,26.978114757291667
2018-05-23,7874.00851718985,31866.27574437,27.68914223333333
2018-05-24,7873.99624311993,32058.9778201,29.436951590625
2018-05-25,7827.97007249164,31974.057888136,29.58152548020833
2018-05-26,6245.145612570855,24238.789635369998,27.748459444791667
2018-05-27,7960.94918704156,32183.20187233,26.550143623958334
2018-05-28,7933.66765802341,32181.4945426001,27.42081626145833
2018-05-29,7845.44951292119,32033.96880912,29.428650655208333
2018-05-30,7853.7080488768,32109.0861296244,30.41478828958333
2018-05-31,7927.36883191584,32446.543948378,30.254143607291667
2018-06-01,7981.31247006338,32691.160651868,28.933009608333332
2018-06-02,7794.1815163504,32011.98781257,30.737464995833335
2018-06-03,7835.93184664844,32467.685234465,31.274422545833332
2018-06-04,7599.259922461929,31541.973622212,32.69140646354167
2018-06-05,7313.7027559235,30120.440405205,32.93621398125
2018-06-06,7252.31225069597,29709.5083104,32.85418066458333
2018-06-07,7300.3879540922,29983.1614441,32.80375315625
2018-06-08,7439.85167056118,30937.489826707002,33.50918987083333
2018-06-09,7365.9732406372195,30932.0360694244,33.18722705416666
2018-06-10,7779.5196645474,32047.663487489,33.133834523958335
2018-06-11,7888.02125322167,32753.203712519,31.9778747
2018-06-12,6925.2378126846,28644.579173239,33.54840640104167
2018-06-13,5825.8816723085,24752.132713064,33.95929958958333
2018-06-14,7363.0811079183795,30360.63043739,34.38524770833333
2018-06-15,3078.6624099843502,11806.1329630122,27.854071523958336
2018-06-16,3095.731774243311,12295.693954394,22.297991472916667
2018-06-17,7853.034155543768,32080.558998389,28.078104253125
2018-06-18,7875.391162571218,32488.560828064,30.444901538541668
2018-06-19,7980.214251148208,33003.12541091,30.288483906249997
2018-06-20,7920.800498898446,32751.27004605,31.281678096874998
2018-06-21,7825.50965191289,32602.462180549,32.68493642916667
2018-06-22,7933.23883828408,33019.140891562,32.92652074166667
2018-06-23,7768.6697982203,32100.495800156,32.98860841145834
2018-06-24,7711.18606996138,31630.5556145697,32.99576992916666
2018-06-25,7699.82462504963,31821.2776173649,33.01170351458333
2018-06-26,7766.43775731195,32223.4032812288,33.021403667708334
2018-06-27,7742.68384805683,31980.3826419522,33.497379573958334
2018-06-28,7638.01627092892,31697.93788933,33.88957229270833
2018-06-29,7301.33679630534,29924.86325228,33.94692593229167
2018-06-30,7903.120441170292,32525.9030313457,31.839868171875
2018-07-01,7951.720435444014,32803.48977477,31.187759246875
2018-07-02,7801.8872888948745,32181.9428522774,32.40297698020833
2018-07-03,7516.91535465678,31315.31072896,33.74745826354167
2018-07-04,7613.333194061744,31925.9399753972,35.025160004166665
2018-07-05,5372.553827270077,22551.56748164,34.76764583958333
2018-07-06,7810.149453340085,31589.72566379924,35.551777553125
2018-07-07,6182.441683020423,26317.25746633,36.821391365625
2018-07-08,6783.65924290612,28803.034006739,34.704565880208335
2018-07-09,6586.51739506827,27852.014818306,31.683671526041667
2018-07-10,3297.21077075325,13148.97191115,26.01369559375
2018-07-11,4827.75907980468,19105.525283074,28.854283805208336
2018-07-12,6542.4382336154895,27223.339795276,31.103416348958334
2018-07-13,5744.547036918085,23914.23206863,31.249901577083335
2018-07-14,2402.0363096521,9253.70640053,27.141046351041666
2018-07-15,3722.89819867295,14788.45176737,26.344263982291665
2018-07-16,5655.12425476511,24057.937071876,29.714570357291667
2018-07-17,6794.98969450968,28415.61507959,32.699083306249996
2018-07-18,7099.6281806071,29435.913347302,32.035091590625
2018-07-19,6961.7993175817,28824.06670586,32.85049755
2018-07-20,5374.801081155,22285.83980506,33.235220984375
2018-07-21,7516.21847482926,30744.9789106638,31.888523367708334
2018-07-22,7492.17896248122,31043.8689453356,34.39715860208333
2018-07-23,7466.05347050254,31328.26618438,36.14164818333334
2018-07-24,6927.58157039361,29360.07661693,37.727880838541665
2018-07-25,7255.3229751891,30724.5588181,36.872429456249996
2018-07-26,6809.89845797409,27807.836646749998,34.67068381770833
2018-07-27,6959.06289555826,29102.36915291,34.654208537500004
2018-07-28,6790.3816381467905,28832.305492524,32.324439767708334
2018-07-29,7349.461496809338,30302.43379771,32.87377195833333
2018-07-30,7256.166122288134,30067.131433838,33.11594095416667
2018-07-31,7241.943811810139,30189.19245948,33.453180482291664
2018-08-01,6943.3339258734395,29008.25673131,34.763328909375
2018-08-02,6625.849657564,28056.95786999,34.57372892604167
2018-08-03,7230.953242201705,29971.5516374,34.675951427083334
2018-08-04,7258.6749906675905,30376.90319739,35.683545179166664
2018-08-05,7439.9506593024,31072.524171661,36.590855296875
2018-08-06,7267.73638963245,30365.045403534,36.93006475208333
2018-08-07,7648.8573523613,31851.92105994,34.53234245
2018-08-08,6456.34645067406,26533.88477647,30.888578576041667
2018-08-09,5412.55292212775,21991.5478696539,30.659818179166667
2018-08-10,5209.94516334677,20782.402707108,26.993504848958334
2018-08-11,6644.430109007633,27513.059913279,29.297350720833332
2018-08-12,7407.58255034352,30410.39105898,30.543956161458336
2018-08-13,7211.9521558692995,29347.054885679,30.416674682291667
2018-08-14,7008.186013457,28720.766263638,31.530325182291666
2018-08-15,3835.7665188013,15466.726930736999,27.339475843749998
2018-08-16,5532.16529044484,22919.41638724,29.8819502125
2018-08-17,7329.1509444272,30437.668329799,32.13688765833333
2018-08-18,7169.92775245258,30176.37033266,32.144304492708336
2018-08-19,7103.47873707657,29493.44221995,33.030415292708334
2018-08-20,6805.87206411645,28219.12387031,32.384626353125
2018-08-21,4866.251010222254,19601.062928149,30.263729171875
2018-08-22,5475.62587392889,23100.027006020002,29.205834495833333
2018-08-23,3770.276592079924,15071.13711188,27.446703868750003
2018-08-24,5743.46768159,23482.1878195613,27.995970087499998
2018-08-25,5991.054781987143,24976.15465645,28.475321582291667
2018-08-26,6863.5186848308,28338.192046385,30.769942591666666
2018-08-27,6927.019221508,28993.25979523,31.862058008333335
2018-08-28,7197.703953578098,29747.51368764,31.334253322916666
2018-08-29,7042.58911249684,29198.668708331,32.1057177875
2018-08-30,5414.71756225899,22749.312968506,31.976869367708332
2018-08-31,6958.986934482093,28893.023796033,32.68938339375
2018-09-01,3491.468283270112,14164.6431007254,30.713320828125003
2018-09-02,5963.41898907164,24406.19132093,29.360653846875
2018-09-03,7017.18132751534,28782.2737303463,28.36948384479167
2018-09-04,6150.0828602139,25137.5777268,28.768972474999998
2018-09-05,6835.5256093999,28259.93582195,29.93109396875
2018-09-06,6075.83957074137,24687.75616323,28.968635244791667
2018-09-07,6414.6328196616005,26201.455096202,31.966724304166664
2018-09-08,5968.1066184048,24746.855967184,30.997277897916664
2018-09-09,7031.98570644418,28747.2755778619,31.641380887500002
2018-09-10,6915.405339519652,28281.091648424997,31.422622668749998
2018-09-11,6779.23266707907,28467.36279149,31.554792895833334
2018-09-12,6459.27173569695,27228.58084431,31.757383169791666
2018-09-13,6642.22850789712,28012.98159167,31.007811257291667
2018-09-14,6499.57923210286,27499.81274048,31.932842509375003
2018-09-15,5950.75835571474,25120.259885181,33.35067383229167
2018-09-16,6579.6510892768,27558.06769482,32.38647007395833
2018-09-17,5865.0146840829,24647.01457688,32.47279871875
2018-09-18,6509.52074975361,26913.8968478869,32.179904046875
2018-09-19,1446.5587845796,5694.1943964317,24.77401271875
2018-09-20,5583.07358555357,23184.926989236,25.706009499999997
2018-09-21,6532.2527824694,27266.3967912,27.503555703125
2018-09-22,6788.09344380365,27844.67760933,28.504227877083334
2018-09-23,6525.879467400896,27588.623319,29.266606782291664
2018-09-24,5540.10484847616,23791.98909983,30.556901757291666
2018-09-25,5917.34944460244,25288.094765291,29.297756662500003
2018-09-26,6234.176329667557,26595.109216908,29.122955899999997
2018-09-27,6238.4336780173,26714.435085564,29.511304326041667
2018-09-28,6206.96974321275,26494.722681509,29.436606347916666
2018-09-29,6169.8872854231995,26318.798053328,29.61445719479167
2018-09-30,5111.69058606186,22033.662025949,27.885512675
2018-10-01,1149.04718645957,4632.216533281,22.153136741666668
2018-10-02,3130.5339163713998,12724.204500886,26.207299797916665
2018-10-03,5646.539068486,23765.65990647,26.415783585416666
2018-10-04,6284.878130839495,26314.82979913,25.799442134375
2018-10-05,6440.77861131864,26560.363724111,22.53347585104167
2018-10-06,6350.884706200289,26106.64188495,23.110740647916668
2018-10-07,2222.76980545811,8804.30102932,17.810343749999998
2018-10-08,6288.3381158981,25573.039226839,16.639237245833332
2018-10-09,6239.5229456419,25108.76268599,16.76161117739583
2018-10-10,6251.787323308172,25609.82264994,19.503930405208333
2018-10-11,4240.8256097389,16939.04319347,22.169900637500003
2018-10-12,3503.976813480488,13759.19916187,20.006275472916666
2018-10-13,1615.4261099919,6368.513362238,17.47537151875
2018-10-14,5217.10212936827,21070.02546062,18.8283380625
2018-10-15,5476.760440905064,22502.050679519998,18.646780546875
2018-10-16,5839.00311724157,22816.530378853,16.108562448958335
2018-10-17,6433.20279414561,24794.23769067,17.426480214583332
2018-10-18,6173.051215966377,24645.666250083,20.79975472916667
2018-10-19,6018.75353652184,24154.30557851,22.319783476041668
2018-10-20,5857.24913740859,23638.409482426,26.424830964583332
2018-10-21,4574.197530400115,18488.29358039,24.250090332291666
2018-10-22,4052.6928891182,18513.46172504,23.889004504166667
2018-10-23,892.8208985414,3928.46658383,18.169980502083334
2018-10-24,5728.62431731676,23235.861977291,18.889040414583334
2018-10-25,5722.21290583122,23188.256071031,19.659100726041668
2018-10-26,5672.21656855616,23051.29932469,19.842241857291665
2018-10-27,5628.0215779134205,23165.744234217,20.9951725125
2018-10-28,5543.421937453936,22906.53797317,21.298556613541667
2018-10-29,4827.9749192366,19905.84770051,20.972916629166665
2018-10-30,4039.3779937103,16047.303611425,21.080019642708333
2018-10-31,5607.40574628072,21838.66163711,17.052123794791665
2018-11-01,5168.81784542712,20452.56788814,14.513720923020834
2018-11-02,5592.540703467855,22428.9183025,15.892001143125
2018-11-03,5546.3197685960695,22121.130898306597,16.301453862708332
2018-11-04,5126.27802367,20646.199629478,17.1944246696875
2018-11-05,5406.1956483083495,21769.106998594998,18.180413108125
2018-11-06,5296.1620740273,21400.5361019,18.522337952083333
2018-11-07,5312.648696905078,21466.598572452,18.027239650520833
2018-11-08,5461.72908408315,21625.5520308838,17.159005749062498
2018-11-09,5546.0655321512695,21281.7262412,17.93350328875
2018-11-10,5431.31588603633,21087.958955,19.599014959375
2018-11-11,5397.58478830609,20326.5179819758,13.835837958229165
2018-11-12,5785.918743073,21674.835924074,10.888953715312502
2018-11-13,5997.73472182989,21350.5103598,11.364279967708333
2018-11-14,4037.8747678372997,14382.907006662,14.426864513541666
2018-11-15,5631.460707592751,21486.65240268,14.14482872125
2018-11-16,5197.30711720233,20019.844073668,12.66239342428125
2018-11-17,5267.494612741617,20021.95764206,12.327516215208334
2018-11-18,5064.70382639729,19412.796944362,12.924813743437499
2018-11-19,5105.3817427888,19393.310561305,12.141929439729166
2018-11-20,4553.426384505855,17329.79495621,14.539287075208334
2018-11-21,5112.88970393475,19593.895239371,13.888907346354166
2018-11-22,1567.14964769307,5738.35352464,11.699730252604168
2018-11-23,4956.6879003688,18901.188768499,11.777827438645835
2018-11-24,5126.2785758992,19423.47304117,12.152096062708333
2018-11-25,5116.5134053141,19444.08448939,12.615846001458332
2018-11-26,4676.51271072517,17845.19826188,13.709357511458334
2018-11-27,5134.63740972113,19726.233837208,13.439966498958334
2018-11-28,5035.535547935,19365.87448618344,13.370011480729167
2018-11-29,4045.69095402436,15130.92905978,15.621394601041667
2018-11-30,2852.97516088493,10355.38289829,11.956360063020833
2018-12-01,3857.374583603821,14436.132486522,11.902994174166666
2018-12-02,3296.69706103242,11698.245691577,10.381937482291667
2018-12-03,5229.8965574617005,19207.36029595,8.884840193016666
2018-12-04,4011.34718662591,14656.889732742,9.334724468391666
2018-12-05,2022.1884762155998,7337.08566622,13.219898141354166
2018-12-06,2940.08372265164,10773.353882203,14.620997586458335
2018-12-07,1460.84977683355,5304.64611901,10.7105532575
2018-12-08,4904.80833017696,18282.457248144,11.741028860937499
2018-12-09,5101.06862316158,18861.304608954,10.658454812604168
2018-12-10,3808.7303897563,14159.28967577,13.245919044375
2018-12-11,3253.472537074988,12358.60674578,13.741588044583333
2018-12-12,4663.4573505136805,17587.17504415,13.209591538854168
2018-12-13,5056.8517182428905,18995.675585914,9.755618091197917
2018-12-14,3425.7745158319,12551.430218268,8.797133126260418
2018-12-15,1467.702737031669,5347.77506274,10.735824011666667
2018-12-16,3215.99285529909,12117.00024478,14.026442088333333
2018-12-17,4445.63109130727,16824.4798968073,14.862051001145835
2018-12-18,4822.91750954899,18153.57021006,11.684951482708334
2018-12-19,4862.1066071275,18469.585451245,10.27202199019375
2018-12-20,4888.37368667236,18801.889300553,11.758473461427082
2018-12-21,2412.900686337154,8817.849550506,10.149501199822916
2018-12-22,4717.405927294232,18127.533824237,13.020798642604168
2018-12-23,4769.3313432941,18348.317718587,12.5303160121875
2018-12-24,4785.43523290716,18395.829796842,12.419482515833332
2018-12-25,3817.3827264296997,14470.6092855,11.743098464375
2018-12-26,2165.3751731482,8099.89386658,8.6706713759375
2018-12-27,3560.638845086257,13176.49802089,7.730619261145833
2018-12-28,5135.2569658873,18736.773188959,5.556530092833333
2018-12-29,4969.91715480717,17879.497573742,3.1624815033333333
2018-12-30,5031.36319688606,18503.84637104,5.2594791257575
2018-12-31,2197.87387401615,7835.85018166,7.396498802052083
2019-01-01,4423.9645969666,16485.5480337113,5.29723034546875
2019-01-02,1757.7249115412599,6382.06378662,1.4929502303020834
2019-01-03,5185.15193172879,19230.69007618,4.283640058159375
2019-01-04,5156.44190220543,19544.32587152,8.782675952427082
2019-01-05,3237.45926324164,12141.237239829,11.438880847087189
2019-01-06,2779.1263015312998,10653.101066039999,10.165255797604166
2019-01-07,5116.500576803,19229.986021378998,8.755481603427084
2019-01-08,5064.5175542349,19436.607827109998,12.018128503854166
2019-01-09,2060.68319254834,7756.0396742,14.122891249270834
2019-01-10,1250.091248905517,4642.487032466,12.1653009709375
2019-01-11,4829.4461332788,18270.8726526651,10.076385345416666
2019-01-12,4921.588087064789,18678.126642277,11.05967128564375
2019-01-13,3320.57012030771,12741.825465869999,12.085886502187499
2019-01-14,3566.10561814436,13442.85257135,12.525335674687499
2019-01-15,2162.66937595946,7944.32631024,12.297815787604167
2019-01-16,4505.81711647534,16974.39198519,13.340700257916666
2019-01-17,5182.96368516498,19684.381937235,12.16200554375
2019-01-18,5148.729544582803,19157.010819902,12.452534720729167
2019-01-19,5518.00135825018,20433.3525607,11.628469824583334
2019-01-20,4940.219048256908,19092.63965922,13.5836621271875
2019-01-21,4798.121483489661,18091.70264945,12.946609937083332
2019-01-22,5601.898981029804,20567.47600443,8.18623952980927
2019-01-23,5604.75478557761,20803.87539594,7.1335278107499995
2019-01-24,5605.1470453456,21096.59057719,8.38285776418646
2019-01-25,5655.00221665435,21382.940371541998,9.385995389236458
2019-01-26,5641.87101329002,21182.724846359997,9.010452520501042
2019-01-27,5103.61486656069,19376.40788256,11.255516254312498
2019-01-28,5034.6231589566405,19058.78236986,11.776872684479166
2019-01-29,3653.92148268811,13810.9604915656,13.991513910833334
2019-01-30,4130.765266825027,16010.116078895,14.8576252321875
2019-01-31,4559.5390382161995,17386.7929061,14.809603034166665
2019-02-01,5245.101678848037,20269.90198378,15.563295008333334
2019-02-02,4271.191840634879,16146.45909344,15.276947884270832
2019-02-03,1043.26752700712,3913.1402143604,14.711532336458333
2019-02-04,3145.0831219328998,11851.044592723,15.686516127083335
2019-02-05,3377.8805152940818,12468.88112358,14.299987211458335
2019-02-06,3755.8966153392,13956.1560040558,8.6098715771875
2019-02-07,6290.1220837993,23339.839341249,5.683621603729166
2019-02-08,6135.3265517824,23562.446552978,9.358397016645833
2019-02-09,2067.8428947685,7465.053291127,9.615846046582291
2019-02-10,3896.97131373874,14557.04089359,10.158752255208332
2019-02-11,6358.190961389687,23564.580898305998,6.697635351875
2019-02-12,6161.90173893538,23538.67799169,10.005530221996874
2019-02-13,3862.4550473104,14612.047085427,12.219054377187499
2019-02-14,1723.616939204177,6482.4469404599995,15.13345265
2019-02-15,3548.47815051131,13640.522666705,16.431851932291668
2019-02-16,5220.31712236693,20329.10543762,12.095718735833332
2019-02-17,5716.83929708581,21835.11276748045,8.15365854088646
2019-02-18,2922.73825605784,10509.98389312,5.523608746913542
2019-02-19,4866.340377861832,18761.15908189,5.4598484022291665
2019-02-20,6722.8555445517,25286.958025818698,5.489031226354167
2019-02-21,1501.82871061683,5424.61495593,7.922542834375
2019-02-22,101.38726395862999,4956.321850327,2.9820694409375004
2019-02-23,5646.335039376901,25578.45823584,5.55998376890625
2019-02-24,6293.04546351886,24139.09577949,8.769894672770834
2019-02-25,6039.30660524422,23049.477682515,11.296350548541668
2019-02-26,6124.575205951358,23922.18691348,14.208961829479167
2019-02-27,4826.7475937018,18797.6486706904,16.091761665625
2019-02-28,6638.90712789426,25961.10857561,15.052863476145832
2019-03-01,6247.2604763357995,24544.97167727,16.260714028645832
2019-03-02,4849.95902057694,18798.946285258,17.380706032291666
2019-03-03,6515.1139761451,25520.665975089,17.292237601041666
2019-03-04,6421.6408722738,25157.95473519,15.613284770104167
2019-03-05,6714.2249907714,26642.56261171,17.128767297395832
2019-03-06,6510.13272952638,25888.024945642,19.789904013645835
2019-03-07,3967.715237348,15134.604444827999,19.273925970833332
2019-03-08,2418.4579965349,8821.0990623,14.283953769166667
2019-03-09,5201.257890509958,19427.382601511,10.844074028333333
2019-03-10,4818.3342315955,19568.54716337,14.79120015375
2019-03-11,5682.52591465184,22874.0336315624,18.123520739583334
2019-03-12,1806.10151788388,6513.9240066600005,9.7840475034375
2019-03-13,2666.68645962018,10359.64413104,11.260842552708333
2019-03-14,7313.43131466488,28329.3871986,9.085822923289584
2019-03-15,5255.07553631729,19319.48918017,12.290336845226042
2019-03-16,7063.755322278378,27418.17152019,18.242947951041668
2019-03-17,7088.82363235603,27640.65083951,18.510990715625
2019-03-18,6602.27073740092,26319.635599354,20.007481389583333
2019-03-19,5967.9112880955,24398.291705987,20.821706079166667
2019-03-20,6391.53200619268,25345.002185212,20.823876252083334
2019-03-21,5325.0102388613495,20136.172428656,15.151432844583333
2019-03-22,7345.485280446795,28956.7933219,14.5067060053125
2019-03-23,7008.42271059446,27971.10289683,15.759743124791667
2019-03-24,7180.20584327994,28719.151756918,17.536554313125
2019-03-25,7135.41229414957,28911.069713847,19.96274412
2019-03-26,5982.953736501997,24021.260271119998,21.540123918125
2019-03-27,5116.3394099736,20117.8212454,21.431809078125
2019-03-28,7303.2446464489,29762.6997093533,21.465540623958333
2019-03-29,7372.5397986106,29624.174528751,18.833576401770834
2019-03-30,6866.53185055453,27411.25271049,18.3951088878125
2019-03-31,7355.80965493028,29463.30524791,18.044012789583334
2019-04-01,6931.45866331252,27976.8458721,19.240549787604166
2019-04-02,7235.24902546456,29265.255675226,20.553274286458333
2019-04-03,7356.78884538544,29396.74569166,18.897891204166665
2019-04-04,5971.03072084839,24287.7994071,19.837069611354167
2019-04-05,5562.75843082692,23060.178964337,18.89983323541667
2019-04-06,5477.702639056118,21803.72860908,18.974936184375
2019-04-07,7411.59279307995,30100.85226089,21.235866833541667
2019-04-08,7179.03575209163,29814.8762077,23.674395846875
2019-04-09,7184.7185677280995,29716.2636022655,25.103520740625
2019-04-10,7707.3768761172005,30625.581637979998,18.619868208333333
2019-04-11,7388.12667347165,29434.754474918,14.980854205833333
2019-04-12,4130.96643734174,15609.555381440001,15.69431129375
2019-04-13,7534.48676243457,30640.26611166,16.293101695729167
2019-04-14,7318.32671757558,29866.443278932,19.468773236458333
2019-04-15,7087.5666271064,29326.34390082,22.060819343749998
2019-04-16,5589.70510432509,23419.555869301,19.084054589583335
2019-04-17,6488.5968700702,26309.932868437998,17.58898724270833
2019-04-18,7605.8762646018495,31463.5500859,21.4754873375
2019-04-19,7559.4114438279,31850.978249585998,24.941727990625
2019-04-20,7660.56733589685,31589.111286635998,25.377484876041667
2019-04-21,7666.3864404969,31570.2651722152,23.496332193750003
2019-04-22,7023.4374252034995,29089.80986065,21.887636666666666
2019-04-23,5204.5571228138,20495.6186007884,20.698290459375
2019-04-24,7562.02250485454,31257.06961386,22.124818080208332
2019-04-25,7424.87977260698,31196.209546382,25.49988433020833
2019-04-26,7340.68221704209,30930.822979946,27.946676882291666
2019-04-27,7516.84475473968,31636.52513577,27.225503422916663
2019-04-28,7550.21582516079,31738.907666166,26.207119421875003
2019-04-29,3409.20010750585,13334.80306452,23.993208432291667
2019-04-30,7686.1491557994495,31534.15254545,21.90411787395833
2019-05-01,7654.573617169465,31772.18058002,23.231195538541666
2019-05-02,6354.81595579706,25825.55994078,23.096333377083337
2019-05-03,7813.43283477773,31783.64255002,23.776607841666664
2019-05-04,7751.93110369919,31825.2807398428,25.469159710416665
2019-05-05,7584.12407997062,31041.596609520002,25.652299897916667
2019-05-27,8124.561625452,32189.976019,20.6226453125
2019-05-28,7195.889517677,28235.780915,20.7855695
2019-05-29,8060.680073839,32481.8250969,22.980238270833336
2019-05-30,7947.925359101,32415.69974778,25.742904791666664
2019-05-31,7910.269955943,32280.609845799998,27.329768229166664
2019-06-01,7800.91141765,31522.184592999998,28.3536934375
2019-06-02,7776.11920821,31566.5762084,28.50994552083333
2019-06-03,7831.579981834,31841.23369321,29.07666760416667
2019-06-04,7900.616857278,32164.7761137,28.339509583333335
2019-06-05,7815.337280874,31810.639522889,29.013128020833335
2019-06-06,7730.19912813,31549.2063159,30.689565208333335
2019-06-07,7431.40239703,30219.811354499998,31.034634583333332
2019-06-08,7928.7886911653995,32526.5708232,29.765357499999997
2019-06-09,7130.22458068,29939.3164814,30.379826770833333
2019-06-10,6409.424216709,26628.7934114,32.13716541666667
2019-06-11,7547.609582268,31502.45805487,32.021466249999996
2019-06-12,7332.600057812,30730.4642803,32.803852291666665
2019-06-13,7155.231543361,30046.1818073,33.5787278125
2019-06-14,7971.1261487054,32760.337187,31.318983333333335
2019-06-15,7948.2797904567,33011.5611636,30.253027916666667
2019-06-16,7740.365776511,32304.92358578,31.491730520833332
2019-06-17,7693.11093624742,31988.888282109998,31.612379479166666
2019-06-18,7895.1136807253,32650.93182799,31.356001979166667
2019-06-19,7889.132863059,32513.419801,30.49514166666667
2019-06-20,7956.7673516553,32971.9368351,30.3965696875
2019-06-21,7977.7013413377,32799.0262064,30.54177208333333
2019-06-22,7910.779275191,32416.70790223,30.243918229166667
2019-06-23,7922.9332993471,32675.632497111,29.381112812500003
2019-06-24,7856.7116965275,32603.36731,29.85168541666667
2019-06-25,7492.7068890567,31193.763,31.162850520833334
2019-06-26,7620.127807693,31475.543855133,31.77755375
2019-06-27,7498.977547064,31323.07334311,33.24485614583333
2019-06-28,5630.35294133,24487.2749529,34.23326927083333
2019-06-29,6376.54756925,27231.720297,36.070758125
2019-06-30,7246.64527557836,31008.851109,36.52395114583333
2019-07-01,7664.648907967,32142.022829999998,34.38914104166667
2019-07-02,7577.3329419708,31894.3532,34.74185645833334
2019-07-03,7291.8883243703,30700.278927,33.46833125
2019-07-04,7665.0452652877,31786.967393,33.369196875
2019-07-05,7421.518946778,31252.928442,32.980597395833335
2019-07-06,4822.9706809774,19760.304683,29.802063333333333
2019-07-07,6409.4026167,26606.443804,32.70945375
2019-07-08,7706.6225075918,32551.581437,31.164554062500002
2019-07-09,7428.921468321,31008.293402,32.30251947916667
2019-07-10,7341.0880148821,30851.30626,33.7468065625
2019-07-11,6429.824673608,27721.460235,36.16141291666667
2019-07-12,4639.24400621,19618.1144033,35.72905333333333
2019-07-13,5900.6229463718,25296.705525999998,32.350990625
2019-07-14,7437.494129093,31731.7564481,33.2594596875
2019-07-15,6613.91149792,28464.4405796,35.34650020833333
2019-07-16,5973.283362447,26277.0469098,34.63634572916667
2019-07-17,6209.108079129,25837.139169,32.9143565625
2019-07-18,6521.2710310034,27465.2372025,33.779438125
2019-07-19,7194.5969362900005,30334.0644,34.64755708333333
2019-07-20,7404.782509962,31550.151138,34.18751354166667
2019-07-21,7030.766954569,29806.0897205,34.09338770833333
2019-07-22,4622.100944637,19945.6268224,30.691995416666668
2019-07-23,4828.6295342501,20216.277396999998,31.181189791666668
2019-07-24,6081.934008147241,26087.962322,31.94148510416667
2019-07-25,6781.800764099,29144.679821,32.449506041666666
2019-07-26,7326.00655647,31318.500198,35.13397135416667
2019-07-27,6755.8328515219,29285.408253999998,36.02909072916667
2019-07-28,6878.79549709637,29200.6708496,34.7370171875
2019-07-29,5711.13659177133,24738.2801292,33.643140833333334
2019-07-30,4835.10831636958,20201.0442115,30.913417916666663
2019-07-31,4691.5975979293,19806.709819800002,28.366080104166667
2019-08-01,6947.1554309184,29657.1444757,32.5278203125
2019-08-02,5071.51975529,21284.5146265,33.9096525
2019-08-03,5319.2860269606,22871.152655967,34.220271875
2019-08-04,6982.763894851,30283.2609012,36.58835333333334
2019-08-05,5880.2815055313,25678.4491063,33.05671625
2019-08-06,5297.4424069323995,22693.456272,30.6207946875
2019-08-07,6933.9276727331,29374.8151573,32.97231729166666
2019-08-08,5713.4741010593,24127.4307179,33.0581953125
2019-08-09,4300.8045797103,17724.392348100002,31.014188645833332
2019-08-10,2355.62572195,9653.664963,26.167346979166666
2019-08-11,6561.1228279632,27652.7384727,30.014978645833335
2019-08-12,7114.350846585599,30522.1227887,32.36579947916667
2019-08-13,7212.75785627,30950.5971963,32.981555416666666
2019-08-14,6992.8977490192,30270.4611183,33.529570416666665
2019-08-15,6929.610265925,30073.2864374,34.9156378125
2019-08-16,6892.221292217,29582.8489372,33.94736833333334
2019-08-17,6305.954246886,27024.3619263,32.236650000000004
2019-08-18,6903.36113548,29254.862076999998,33.1813171875
2019-08-19,6786.629451657,29285.1822264,33.60855604166667
2019-08-20,6942.2502153788,30178.50940766,34.14099916666667
2019-08-21,7031.880473064,30377.925059,35.3085321875
2019-08-22,6540.994556862,28156.946434,34.09366864583333
2019-08-23,6801.880072594,28663.12672537,31.666138750000002
2019-08-24,6958.5611211132,29359.775889,31.092238020833335
2019-08-25,6606.828528803,28002.230325,31.695986875
2019-08-26,6881.9070879943,29114.479157,33.079096041666666
2019-08-27,6857.109399431,29347.9191764,34.31091364583333
2019-08-28,5338.602897023,22975.737193,30.857413020833334
2019-08-29,6422.6814116,27442.7935487,31.593687083333336
2019-08-30,5253.203974524,22309.8931988,31.801640104166665
2019-08-31,6796.1816301,28951.0831178,33.075508125
2019-09-01,5721.0745829851,24280.7223784,30.77526958333333
2019-09-02,4615.8195754223,19122.7436244,29.965602604166666
2019-09-03,6240.51364665,26641.2275681,30.81453479166667
2019-09-04,6608.46333517,28303.9647588,32.69888229166667
2019-09-05,5903.52021539,25324.6558164,32.55393645833333
2019-09-06,4924.7944645872,20684.4321324,32.80548947916667
2019-09-07,5985.778269998,24861.18724407,31.370550104166668
2019-09-08,5760.0587254313,24568.0729241,30.273419270833333
2019-09-09,6737.0092823429995,28228.2151922,31.21093385416667
2019-09-10,6069.0700012966,25900.1962798,30.667381875
2019-09-11,5549.584641737,23381.2706127,29.7655575
2019-09-12,6563.8581295272,27375.3077443,29.573971145833337
2019-09-13,5031.711455643,21047.3996817822,30.26623041666667
2019-09-14,4981.010041405,19971.2411011,27.91189010416667
2019-09-15,5674.599413261,23652.3978561,27.65907083333333
2019-09-16,3274.1595553194,13248.7700572,25.14477864583333
2019-09-17,6580.0761265508,27937.410993,26.696492708333334
2019-09-18,6513.4937336965,27472.1090533,29.396717187500002
2019-09-19,6294.309264437,26393.6002931,29.338383229166666
2019-09-20,6500.7490879658,26585.9328317,28.071752083333333
2019-09-21,6278.43281656,26108.1956825,28.1270103125
2019-09-22,5829.0064654872,24491.0214118,27.58770375
2019-09-23,5200.34939431,21648.7496238,27.940356145833334
2019-09-24,2043.095312772,7804.55464418,20.363783645833333
2019-09-25,3228.15040691,12637.6198856,22.602030208333332
2019-09-26,6282.7027579617,25761.406112,24.762127604166665
2019-09-27,5199.169820704,21776.7037573,23.276194270833333
2019-09-28,6441.201410925,26592.187445,25.2121325
2019-09-29,6539.028230091,26803.1535524,25.695241770833334
2019-09-30,6624.743663704,27443.8776479,24.420150729166668
2019-10-01,6577.908385662,26886.1124353,23.375735208333335
2019-10-02,6439.23938395,26390.15296603,24.629290520833333
2019-10-03,6286.079899947,26118.32195911,26.39179635416667
2019-10-04,5663.902064957,23499.7109307,27.545382291666666
2019-10-05,6265.198217359,25895.774283,25.567836458333332
2019-10-06,6241.292639854,25769.9482,25.301327083333334
2019-10-07,6039.8519148079995,25046.230016999998,26.658894166666666
2019-10-08,5903.3562579929,24285.671486,26.44997229166667
2019-10-09,6279.694108747,25704.675318,24.052866354166667
2019-10-10,6333.8980326009005,25632.1790393,22.50973822916667
2019-10-11,6249.692092211,25341.6352341,22.653306708333332
2019-10-12,6098.905453182,24928.286759399998,22.931828437500002
2019-10-13,6174.036650479,25274.1634898,22.01979072916667
2019-10-14,5611.410166959,23133.450414,22.659400416666667
2019-10-15,5956.8303234,24321.7121643,23.257893645833335
2019-10-16,6071.0125797802,24437.823635,24.737338645833333
2019-10-17,5533.622648871,22548.086579,27.130496770833332
2019-10-18,5522.632054845,22083.445903,22.444161875000002
2019-10-19,5948.1291306604,23984.3550464,19.89209359375
2019-10-20,5994.666197187,24249.2234105,18.8705879375
2019-10-21,6018.8440305477,24134.7930942,18.582574072916668
2019-10-22,5879.6355267522,23792.770867889998,19.929141125
2019-10-23,5789.59513296,23506.3075592,20.423189010416667
2019-10-24,5924.140086009,23696.180594859998,19.112687937500002
2019-10-25,6343.536741081,24105.2797925,20.317486145833332
2019-10-26,5960.144097837,23964.690711134,18.589341458333333
2019-10-27,5797.0943793940005,23002.63335455,20.10637272916667
2019-10-28,5804.4715863605,22455.4083851,18.022794197916667
2019-10-29,5855.694894923,22934.015998,15.431440302083333
2019-10-30,5241.9677860150005,20338.6984227,12.149593989583332
2019-10-31,6118.4518522775,23366.579889,14.295301795
2019-11-01,5721.372789563,22879.307130999998,16.480195416666668
2019-11-02,5151.6407846305,20642.1715781,19.518338979166668
2019-11-03,4742.3917988858,18803.8274044,18.690218375
2019-11-04,5352.567055804,21588.1613684,19.616732739583334
2019-11-05,5072.978945807,20436.1217892,21.6360535625
2019-11-06,3532.828970746,14264.0216981,21.438912812500003
2019-11-07,4782.97507079,18682.9357174,19.697583291666668
2019-11-08,2322.714566667,8769.301546,21.045438229166667
2019-11-09,3786.75586399,14804.849586,23.126479479166665
2019-11-10,3920.547826012,15564.264582,21.398008020833334
2019-11-11,3793.219544677,14931.941471,19.822984270833334
2019-11-12,5501.565571195,20605.6810832,18.2793584375
2019-11-13,5265.895388223,20713.9074052,16.900491708333334
2019-11-14,5082.8774951880005,20574.7419,16.99772434375
2019-11-15,3945.1039063283,15526.51487027,18.48852672916667
2019-11-16,4432.571109026,18149.3071932,19.35141853125
2019-11-17,4498.328299498,17914.8920286,17.90715734375
2019-11-18,5075.888218814,20419.013019334,18.701953687499998
2019-11-19,1536.9842159121,5946.862232,17.031760010416665
2019-11-20,1375.8974385,5412.4241998,15.946065416666668
2019-11-21,2944.1736818366,11251.775885000001,12.238477989583332
2019-11-22,5148.743496084,20231.147439078,12.307394708333334
2019-11-23,4226.4077920917,16165.3704068,12.88728946875
2019-11-24,4525.149962368,18017.159501,14.022197541666666
2019-11-25,3049.8847739354,11589.63801,13.575333458333333
2019-11-26,4809.185906123,18131.124694,11.158050822916666
2019-11-27,1386.224654304,5264.06348,12.169687395833334
2019-11-28,1619.598890007,6187.2475761099995,15.060998750000001
2019-11-29,1830.6278728856,6787.3219512,10.715325333333332
2019-11-30,4967.946929121,18967.406372999998,9.184844625
2019-12-01,5044.0021530605,19649.81852,9.8647578478125
2019-12-02,4585.548947332,17972.455234,11.851782541666665
2019-12-03,3676.052661375,14332.74002822,13.12276875
2019-12-04,3935.3221063022,15682.10784,18.421355416666668
2019-12-05,4750.408148977,18771.6158932,16.203111364583332
2019-12-06,3760.875936998,14795.493901,14.096266645833333
2019-12-07,3295.91258767,12990.413031,15.403079479166665
2019-12-08,1296.900228371,5008.7714453,15.333813854166666
2019-12-09,1745.7085675370001,6574.90988411,11.911652666666667
2019-12-10,4812.894248088,18633.6473053,12.011342489583333
2019-12-11,4099.52660985,15832.99142933,11.022029010416666
2019-12-12,4578.395168558,17759.3931273,10.493048541666667
2019-12-13,4741.6526391239995,18717.16774437,12.600621541666667
2019-12-14,4707.367551601,18578.37665544,13.22089675
2019-12-15,4779.88162249,18357.51580237,12.490718874999999
2019-12-16,4578.857945895,17274.1254671,7.092677338125
2019-12-17,5298.245027723,19372.48008722,6.645727889791666
2019-12-18,4518.68582484,16879.176727,11.730481072916668
2019-12-19,4813.497632145,18558.9689832,9.162946752083334
2019-12-20,4961.790254279,18957.2674608,7.566465909166666
2019-12-21,4715.790235064,18208.3926089,12.17427201375
2019-12-22,3224.302545467,12411.5806839,12.22763978125
2019-12-23,882.04713822258,3357.723141,11.71216671875
2019-12-24,1704.200479951,6448.7090407,12.166458770833332
2019-12-25,3265.72854654,12672.834872,10.562026635416666
2019-12-26,4696.9891343998,17945.737911,10.60758703125
2019-12-27,1184.8046497550001,4444.8755208,6.633791677083334
2019-12-28,2512.0229890168002,9166.4503497,6.350245489583333
2019-12-29,4992.2258553034,18714.803569,3.7231504864583336
2019-12-30,2835.5144902399998,10338.76749111,7.249300815729167
2019-12-31,4028.38345089,15293.988912609999,11.472997729166666
2020-01-01,4618.865095088,17565.213835,8.123937539479167
2020-01-02,4387.122984715,16550.227096,8.039999963541666
2020-01-03,4668.176785226,17667.305037,6.883627470625
2020-01-04,4853.458179009,18832.922781,9.211026952083333
2020-01-05,4984.9753325434,19552.68914,10.583972079166667
2020-01-06,5050.87868825615,19427.229941999998,8.983887392604167
2020-01-07,5026.6377169429,19078.412721,10.842120103328126
2020-01-08,4983.8354744955,19427.168747,10.611889914326042
2020-01-09,2512.0214428632,9573.828593799999,9.311430864791667
2020-01-10,4920.143687404,18622.233553,8.938791416666666
2020-01-11,5107.145514838,19663.29948699,7.499347334166667
2020-01-12,5062.308295569,19560.927724,8.448664310625
2020-01-13,5053.5408810478,19831.8831682,10.468945583333333
2020-01-14,4426.260366086,17211.276148,11.3404336646875
2020-01-15,3301.19163941,12913.57240664,13.229795395833333
2020-01-16,493.52933310649996,1991.114012,11.218438385416666
2020-01-17,5099.50805381911,19758.186575,10.634908802083332
2020-01-18,5222.6529441998,20351.960084,10.596709583333334
2020-01-19,5201.5219048463,20391.570748,13.648436635416667
2020-01-20,3650.790135796,14169.76604022,16.741550010416667
2020-01-21,992.2084877948,3806.915157,12.35770875
2020-01-22,2750.527901426,10680.69249,11.741513020833333
2020-01-23,5253.514848065,20476.82049,11.343953552083333
2020-01-24,4777.3248834282995,18758.838481,12.717982802083334
2020-01-25,4914.6753947414,19403.001075,13.000710625000002
2020-01-26,5201.563967059,20511.63537111,13.483871385416668
2020-01-27,5305.227488514,20369.363541,13.193376177083332
2020-01-28,5493.371608966,21398.453008099998,10.603304677083333
2020-01-29,5437.748960684,20914.08042874,9.91298495
2020-01-30,4918.13011790783,18844.4029162,9.375685828437499
2020-01-31,5671.996395944,21825.7092743,10.167073007291666
2020-02-01,5645.5392011204,22043.3354894,13.265092460770832
2020-02-02,4995.377508929,19756.689506,14.3483855
2020-02-03,4911.4913636,18974.1515997,14.538464093750001
2020-02-04,5687.4553676862,21252.1157204,5.989312564687499
2020-02-05,5099.1594028484,18772.5151248,2.0460370655208333
2020-02-06,5885.682744289999,22346.0118069,5.752083739583334
2020-02-07,5812.950490408,22685.4461953,9.342624984927083
2020-02-08,5786.255745258,22885.9330496,12.582718704166666
2020-02-09,3771.7867744041,14612.54848,14.708121552083334
2020-02-10,3795.460974362,14947.2969577,14.300884708333333
2020-02-11,4193.777459813,16121.866091,9.48466765625
2020-02-12,4801.030458216,18978.6869996,9.944312270833334
2020-02-13,6104.456309621,23834.709348,10.713259440729168
2020-02-14,5633.937529588,22111.3955555,12.83920946875
2020-02-15,6137.0197444835,24176.0267097,12.07924640625
2020-02-16,6052.1763255425,23925.8175558,12.630659572916665
2020-02-17,6007.4445350036,23989.1407,14.451067302083333
2020-02-18,6048.06978113,24227.857414399998,14.936373739583333
2020-02-19,4192.8111018532,16841.4491838,15.231485135416667
2020-02-20,5531.19906156,22433.3769445,17.80155421875
2020-02-21,2484.3131744994,9383.055389000001,18.080591458333334
2020-02-22,522.689610639,2143.1192137,14.8519234375
2020-02-23,4347.794079337,17030.5600105,11.949873947916666
2020-02-24,6422.162402,25083.3251967,12.025549083333333
2020-02-25,6599.0924139208,25691.315976,11.729591937499999
2020-02-26,6877.4891279411995,26294.276439,12.039341854166667
2020-02-27,6042.607046192,23721.89399,13.490379739583332
2020-02-28,4664.97362968,18586.71623611,17.069494072916665
2020-02-29,5715.4397441568,23055.8627302,16.662620656250002
2020-03-01,3224.190339673,12201.099063630001,15.3491638125
2020-03-02,4695.4380572882,18902.079771,13.2576550625
2020-03-03,4608.7458915766,18816.2273081,13.7966659375
2020-03-04,6550.41521788,26030.21070041,14.3478254375
2020-03-05,6406.0746019234,25235.5011667,17.260863375
2020-03-06,6021.323412519,23787.1103199,22.023218854166668
2020-03-07,6526.33873827,26510.1909154,20.849909510416666
2020-03-08,2462.12229175156,9465.3013512,15.59905875
2020-03-09,6285.734456094,25456.557495,17.345944104166666
2020-03-10,2588.9427522285,9957.61672,18.264665
2020-03-11,3042.7200361,12345.72384089,19.782758020833334
2020-03-12,1640.3324173400001,6339.0411799,17.458296666666666
2020-03-13,4179.4833118497,16949.228628,14.740146802083332
2020-03-14,6899.450726819,27874.870190667,16.036734927083334
2020-03-15,6714.5946792518,27466.785752,17.34764471875
2020-03-16,6688.266331335,27338.7745741,17.637516166666668
2020-03-17,5857.10772528,24113.966325999998,17.88622746875
2020-03-18,1160.136227819,4443.2993422,10.991231479166666
2020-03-19,5623.16747413,22698.510921,12.331163187500001
2020-03-20,6388.61194199538,25481.801032,13.733012989583335
2020-03-21,7137.725767054,29001.2422536,16.987565052083333
2020-03-22,5392.4788471276,21794.4452088,16.711372739583332
2020-03-23,7082.48398609,28963.4743383,18.9253965625
2020-03-24,6979.99075514373,28786.5250463,17.522080927083334
2020-03-25,6520.3025740660005,26739.470598,19.172367104166668
2020-03-26,1916.1767742619,7235.22952562,16.684043645833334
2020-03-27,5330.59623217,21321.7005052,11.2110143125
2020-03-28,7334.72841333,29652.6411529,12.284013805729167
2020-03-29,6301.571745678,25136.737176,16.65754970833333
2020-03-30,7291.8987231114,29840.1056794,16.70245859375
2020-03-31,5452.3343561061,22405.347408,18.251964489583333
2020-04-01,6775.0522437104,28333.5814547,21.603104072916665
2020-04-02,7232.3650162264,29856.128527,21.259669583333334
2020-04-03,6935.6957732733,28975.099363999998,20.807046072916666
2020-04-04,7279.9772867898,30276.19413,20.322313302083334
2020-04-05,7294.5692495453995,30362.100341999998,21.364801979166668
2020-04-06,7020.156903072,28931.579587,20.9062513125
2020-04-07,7182.2624816841,30104.230285999998,20.950732302083335
2020-04-08,6327.767996057,26909.8481594,21.013395416666665
2020-04-09,7458.561665066,30955.100793,18.19437617708333
2020-04-10,7733.5544308351,30937.6559061,18.308798416666665
2020-04-11,3973.3076523249997,15819.8898761,12.97947703125
2020-04-12,7419.728764429,29406.604891799998,16.353750885416666
2020-04-13,7343.321025849,29590.7059687,18.565924895833334
2020-04-14,7809.7264147205,31202.41838712,18.84835760416667
2020-04-15,7874.8570790191,31649.0878669,18.510041229166667
2020-04-16,7851.862038059,31709.2436333,20.123587010416667
2020-04-17,6898.917133083,27034.3435263,21.54563
2020-04-18,7445.4545657577,30637.7705553,19.995880291666666
2020-04-19,7651.67344061,30859.41706356,19.97573484375
2020-04-20,7685.286967672,30987.5623868,22.841680781250002
2020-04-21,7849.5213853202,31630.8034077,21.744198427083333
2020-04-22,7802.0956241,31182.8538677,21.464090666666667
2020-04-23,7760.03485684257,31406.6967619,23.362992958333333
2020-04-24,7661.4210492036,31267.2563033,25.58365125
2020-04-25,7622.9563172601,31621.1103063,26.62900375
2020-04-26,7600.586064316,31825.0898814,27.40233802083333
2020-04-27,6868.6353227029995,28190.543724799998,27.4393475
2020-04-28,7589.3137931854,31416.61186233,26.678449270833337
2020-04-29,7472.0375097203005,31331.008963,28.584213229166664
2020-04-30,6203.496642511,25704.79038933,29.341565833333334
2020-05-01,7740.8960434666,32237.23971356,28.746303958333332
2020-05-02,7584.379849287,31348.09082234,28.914726562499997
2020-05-03,7657.025271207,31757.26993834,28.340438229166665
2020-05-04,7781.099066767,32237.54132088,26.85966822916667
2020-05-05,7692.3118847,32361.39819414,27.9302771875
2020-05-06,7577.1687414,32190.6556528,29.354063854166668
2020-05-07,7666.51540783,32120.1438149,29.668861875
2020-05-08,5283.6151057199995,21546.99896387,27.746606666666665
2020-05-09,7313.596906762,30399.9983023,28.723756145833335
2020-05-10,5319.52065672,23180.8568172,28.612855520833335
2020-05-11,7392.536858216,30784.234577799998,28.369184583333332
2020-05-12,7703.05015612843,31753.1226958,27.5575646875
2020-05-13,7826.8476676929995,32109.7231963,26.493780104166664
2020-05-14,6420.92838668,25271.3393579,24.504478958333333
2020-05-15,7781.644513142,32004.2815673,26.2128265625
2020-05-16,7691.591091867,31881.428809,27.455726249999998
2020-05-17,7634.371537083,31920.330111,28.694979583333335
2020-05-18,7665.7625847316,31663.459471,28.685606458333336
2020-05-19,7889.8266426236,32295.779906,27.42866104166667
2020-05-20,8054.569934389,32847.254149,22.7916309375
2020-05-21,8000.403950461,32802.087649,23.092100312499998
2020-05-22,7863.2003577747,32286.02531,25.59065634375
2020-05-23,7076.7998208478,32114.184919,26.727650208333333
2020-05-24,6886.226721279,31967.334357,26.028124166666668
2020-05-25,6848.627901345,32244.03987189,26.595006770833333
2020-05-26,7111.70335861,32219.228796,28.200938124999997
2020-05-27,7664.729067392,31946.399489299998,29.779196979166667
2020-05-28,7560.99603027,31522.2356911,31.446732708333332
2020-05-29,5685.0809660449995,24361.84677167,32.33112072916666
2020-05-30,5170.9536430981,22006.3168398,33.373408229166664
2020-05-31,5131.89295046,21550.48215223,32.055807916666666
2020-06-01,6017.919714031,25451.0143843,30.491899583333335
2020-06-02,6608.699782396,27779.36105724,32.3405565625
2020-06-03,7300.33190888,31302.7402357,33.637460312500004
2020-06-04,6742.27232415,28929.396645,33.9092490625
2020-06-05,4118.397802836,16944.49900923,31.916146458333333
2020-06-06,7836.61214492,32428.37996822,29.5676125
2020-06-07,7765.015637057,31836.7100805,28.806407395833332
2020-06-08,7883.364116791,31900.975674,26.7266259375
2020-06-09,7816.2418708494,32216.1345957,24.933246375
2020-06-10,7589.234915216,32101.3594087,29.63996895833333
2020-06-11,7381.452255166,31198.2789381,31.480505520833333
2020-06-12,7301.861985043,31085.501717799998,34.590774375
2020-06-13,7483.331828435,31459.9052408,33.64163510416667
2020-06-14,7543.6296112404,31619.814892899998,32.302226874999995
2020-06-15,7332.274883365,31272.529404,32.45945947916667
2020-06-16,7462.33277123617,31660.2646607,33.226169166666665
2020-06-17,7771.6826044291,32343.8289338,31.147287916666667
2020-06-18,7737.9540277901,32592.7803125,30.222456249999997
2020-06-19,7745.6466498082,32731.824181,29.6198859375
2020-06-20,7496.3442026223,31811.9089327,31.131114583333332
2020-06-21,7260.331903844,30663.382876,33.0456809375
2020-06-22,6748.225348892,28409.77405878,32.096968958333335
2020-06-23,7069.058878046,29563.888226,31.912467604166665
2020-06-24,7176.394686699,30655.739171333,32.937117916666665
2020-06-25,7347.750220314,31655.42744933,34.802786562499996
2020-06-26,5816.7939783061,23994.718178,33.293545520833334
2020-06-27,6080.1272357296,25543.9335683,34.12442375
2020-06-28,7479.69791485461,31137.3557727,32.61162958333333
2020-06-29,7662.105307734,31417.226083999998,31.385726666666667
2020-06-30,7583.76506754928,31352.098196,31.137253437500004
2020-07-01,6593.72506462733,27732.108854,30.118563020833335
2020-07-02,4106.384120973,16527.5872208,27.627030104166668
2020-07-03,7353.759947966,30873.58460322,31.84766552083333
2020-07-04,7317.8751374912,30730.357150111,34.26099364583333
2020-07-05,7381.6110283605,31085.540081,34.718902916666664
2020-07-06,7387.6435621911,31207.403237,34.49306416666666
2020-07-07,7305.8419618625,30828.506815,35.10807416666667
2020-07-08,7155.489152519,30284.51407,36.4420025
2020-07-09,7182.47285892464,30324.56305707,36.291144895833334
2020-07-10,6986.520013438,29435.9419045,36.24699104166667
2020-07-11,6994.7517302004,29575.126143,36.255631979166665
2020-07-12,6422.595316525,28062.7688655,35.267669687499996
2020-07-13,6775.61025501402,28126.408904,36.665347708333336
2020-07-14,7331.05376661,31372.1005113,36.838073333333334
2020-07-15,5015.0789887646,21072.997623799998,33.85906447916667
2020-07-16,6928.9241014489,29484.8494479,34.405151770833335
2020-07-17,5071.72364614,20675.4225915,34.29675604166667
2020-07-18,5496.11136124386,22591.7577427,34.294675833333336
2020-07-19,4651.7267823189995,18873.186267009998,34.0010803125
2020-07-20,5749.5249215933,24574.5118803,33.599163749999995
2020-07-21,6226.5652969345,25379.760736,33.520168958333336
2020-07-22,4806.315825414,19322.8822987,33.05258354166667
2020-07-23,1288.52836060568,5053.4435467,25.0465109375
2020-07-24,4214.31730264364,16640.7172057,27.73592041666667
2020-07-25,5756.28397725,22995.21766412,31.2871621875
2020-07-26,7327.055731009,31070.2126165,33.8101296875
2020-07-27,5035.53066284154,20931.0779105,32.453991979166666
2020-07-28,7349.5670928829995,31925.4574343,34.42702958333333
2020-07-29,7258.6511615706995,30990.5279038,36.022203125
2020-07-30,7307.2631406452,31007.9204841,36.7609365625
2020-07-31,7163.36615833153,30950.6292591,35.5012234375
2020-08-01,7218.9018205475,30666.8392175,36.01518458333333
2020-08-02,6604.215523711,27428.6421241,35.4313565625
2020-08-03,4733.9090339666,19695.052001,33.74926760416667
2020-08-04,7130.278857351,29892.5967407,34.22104114583333
2020-08-05,6778.0017762239995,29109.9470242,35.25132552083333
2020-08-06,7200.202519259,30695.033846,34.6017728125
2020-08-07,5279.14564367,22495.1431482,34.111201875
2020-08-08,7128.09002422349,30665.1366727,34.864489687500004
2020-08-09,7078.63824301,30697.2539438,34.629055729166666
2020-08-10,7124.12599348,30247.233879699997,34.3034996875
2020-08-11,6573.4306418,27665.73363381,34.232405729166665
2020-08-12,6890.30818705,29485.87590612,35.42302739583334
2020-08-13,6818.243432687,29408.7519388,34.84984291666667
2020-08-14,6899.927891466,29819.793669345,36.299991562500004
2020-08-15,7217.98325668,30561.39347465,35.21870947916667
2020-08-16,5092.0151302713,22406.79219643,33.776851875
2020-08-17,6956.30045094799,29292.5825523,35.68837927083333
2020-08-18,6946.83596483,29056.496801,36.86180291666667
2020-08-19,6874.091745259,29602.81027515,36.26607833333333
2020-08-20,6632.737646596,27924.52452556,34.1262005319149
2020-08-21,6733.9492259027,27316.7991677,31.596951458333333
2020-08-22,6624.90845296541,27818.1894637,33.2304325
2020-08-23,6567.004871313,27857.619008,35.204340208333335
2020-08-24,5019.357837967,21340.138989,35.72269458333333
2020-08-25,5713.56567412,23796.68829305,36.6754728125
2020-08-26,3697.692675246,14755.317218099999,32.9858825
2020-08-27,5670.549292318,24233.50910784,33.3312096875
2020-08-28,5914.0769920473,25495.6349704,33.78680791666667
2020-08-29,6218.235547006,25952.5034905,31.590733437500003
2020-08-30,4055.6253529434,15918.5682439,28.128144791666667
2020-08-31,6848.733681643,28170.7363849,28.93144375
2020-09-01,6862.5200684424,27968.1738377,29.987940624999997
2020-09-02,6946.88422910609,28523.6035556,30.786547291666665
2020-09-03,6851.8472495221,28831.045476,31.79985875
2020-09-04,6296.55472713,27258.0881368,34.10895260416667
2020-09-05,7066.01420307,29109.3358866,36.138208541666664
2020-09-06,6692.0699165,28472.3136399,35.50002979166667
2020-09-07,6835.8253435999995,28466.2296307,33.44244072916667
2020-09-08,4787.241182785,19194.31489707,31.298469166666667
2020-09-09,6263.029668882,24785.755823,26.960955729166667
2020-09-10,6963.63282369,28363.5499729,24.133357291666666
2020-09-11,4286.2768972687,16568.4780709,23.9155903125
2020-09-12,4241.387005409,16445.5335121,25.16507635416667
2020-09-13,5606.8910299154,22458.3656131,28.739517083333336
2020-09-14,6240.632728222,24936.137072499998,30.578083229166666
2020-09-15,6170.8594126065,25190.8645904,30.566664583333335
2020-09-16,6378.113957311,26682.7584718,29.899699375
2020-09-17,6496.411733695,26354.9953285,30.97434135416667
2020-09-18,6336.754988473,25448.722362,30.830239375
2020-09-19,6312.224834297,26038.9898663,32.659801458333334
2020-09-20,5864.2919440919995,24725.1472894,32.13654041666667
2020-09-21,6373.032608947,26293.16203307,30.5051853125
2020-09-22,6382.53457985072,26028.3665997,30.133558124999997
2020-09-23,6353.394222232,26075.9267257,29.500535312500002
2020-09-24,6320.7529232349,26421.146638,29.816703020833334
2020-09-25,6247.683952657,26060.3975306,30.160618125
2020-09-26,6269.23626501,26227.8291657,29.621941354166665
2020-09-27,6456.419105364,26505.0946372,28.299971145833336
2020-09-28,6335.33332979391,26312.8852791,28.858537916666666
2020-09-29,6606.97587397,26545.239801199998,30.273016145833335
2020-09-30,6365.30159128,26532.936920699998,28.1133859375
2020-10-01,6289.5541271,26392.306454,28.895111874999998
2020-10-02,6277.27219155,26200.74340178,28.394374166666665
2020-10-03,6305.24792203,25956.20318333,27.450756979166666
2020-10-04,6176.669424519,25734.0745,27.154296354166664
2020-10-05,5924.528729798,24320.65228156,27.72851833333333
2020-10-06,6127.165448209,25395.0645574,27.1864409375
2020-10-07,6008.324969029,24864.91227,27.168794791666667
2020-10-08,5977.345927383,24623.421784,26.790458645833336
2020-10-09,6265.10124654,25361.837635,25.784375625
2020-10-10,6327.5003730241,25424.3160714,25.563931666666665
2020-10-11,6174.0518126492,24875.6723578,24.436148437499998
2020-10-12,6069.983434849,24708.4042172,25.15810760416667
2020-10-13,5890.067930315,24265.5732326,26.572746354166668
2020-10-14,5986.50291513751,24252.10500222,25.805755625
2020-10-15,5885.678662924,23837.0671228,24.86977333333333
2020-10-16,5900.60012182,23964.74942168,26.70587739583333
2020-10-17,5741.0533668155,23541.0496214,25.695836666666665
2020-10-18,5897.432582905,23777.2853186,23.819710208333333
2020-10-19,5796.5608458487995,23677.6274685,23.649398208333334
2020-10-20,5757.3240186772,23201.71683956,23.395875375
2020-10-21,5604.3643521825,22887.9269777,24.084234791666663
2020-10-22,5680.99176730031,22789.9174004,23.93980739583333
2020-10-23,5641.133930904,22636.7037206,23.88371583333333
2020-10-24,4796.06890211,18972.5557671,23.2985484375
2020-10-25,2973.59954655,11511.12033129,22.741781145833333
2020-10-26,4385.80742912,16570.080092469998,15.373930552083335
2020-10-27,4357.1857055851,16202.976071,8.207214971125
2020-10-28,6040.500123274,22876.4734544,11.339628236458333
2020-10-29,5542.679860315,21394.7593711,19.522372968750002
2020-10-30,5704.248444839,22872.870678,22.252791354166664
2020-10-31,5202.110265287,20938.4064576,21.100904958333334
2020-11-01,3444.37513557,13154.2677357,23.500932083333335
2020-11-02,4820.100106681,19007.444261,27.606890833333335
2020-11-03,5053.879696847,20417.1117881,23.971526458333333
2020-11-04,5340.3366952446,21546.3882893,22.610284479166666
2020-11-05,5277.949956476,20862.0939295,24.998465
2020-11-06,3040.073351485,11996.3775087,27.74796729166667
2020-11-07,1888.621787026,7186.200816,23.0158565625
2020-11-08,5253.4182883023,19907.373221899998,15.80392609375
2020-11-09,3444.376990929,12676.1113454,10.681662875
2020-11-10,5794.0839395,21608.6008509,9.43924187125
2020-11-11,5552.7926402523,21342.9135102,11.303637715697917
2020-11-12,3446.784303011,13084.9960281,12.049752229166666
2020-11-13,3786.5216435499997,14042.78641012,13.483861864583332
2020-11-14,5516.762316905,20867.1904178,13.6758255
2020-11-15,5300.2589561414,20860.6869319,15.140177406249999
2020-11-16,5455.7891768527,21003.9542077,20.335322875
2020-11-17,4886.535296602,19475.657028999998,21.6285865625
2020-11-18,4556.45752769934,17976.64695211,22.585944270833334
2020-11-19,4900.267278299,19207.6268784,21.157220416666664
2020-11-20,4154.8652453196,16044.12239499,20.143449708333332
2020-11-21,4318.006592443,16679.4956961,19.615139395833335
2020-11-22,4417.5307238584,17246.7852065,19.194472708333333
2020-11-23,4552.16622577,18041.84356204,18.206827708333332
2020-11-24,5278.8591368653,19607.27847017,12.791386354166667
2020-11-25,5176.965337787,19578.4595232,11.471083415625001
2020-11-26,5137.28100195,19415.94331945,11.969112052083332
2020-11-27,5275.5480717499995,19359.608621,8.867633125
2020-11-28,5252.454019806,19457.80536822,9.027408697395833
2020-11-29,5105.566310692,19258.7891646,13.052898050833333
2020-11-30,5087.859963449,18710.160284,16.04374440625
2020-12-01,5083.954242215,19174.281785,10.526384183854168
2020-12-02,5161.33131816,19262.319129,10.136594480104167
2020-12-03,5357.616616051,19154.606861,10.749966645833332
2020-12-04,5226.6513402148,19254.359444,11.559577525
2020-12-05,5052.53893092,18935.1177097,9.445440786979168
2020-12-06,5040.4482113919,19097.140089,10.547995255520833
2020-12-07,4995.0822918828,18530.282996,16.37580675
2020-12-08,4536.146382178,16868.746125,20.601708541666667
2020-12-09,4638.12327942929,17837.18321,17.34974670833333
2020-12-10,1929.159169282653,7177.97136478,13.060445729166666
2020-12-11,4970.6455546232,18461.6256761,11.701826354166668
2020-12-12,4877.257356849,18150.046286239998,11.611899410416667
2020-12-13,5393.615881547,19344.228030899998,10.065523458333333
2020-12-14,4243.1734027017,15805.492855,9.2285093375
2020-12-15,5139.59788622,18834.2458085,6.573425882004167
2020-12-16,5118.51460143,18870.5425445,6.7074514375000005
2020-12-17,4485.9546218717,16924.501610799998,11.051461814479167
2020-12-18,5043.20865030523,18572.11115,9.821166730208335
2020-12-19,5071.996718337,18731.4503685,7.888270278749999
2020-12-20,5030.902414871,18842.7535081,9.1557809625
2020-12-21,4922.748496477,18618.5579433,11.717649273229165
2020-12-22,3536.51745092,13092.0509005,11.407989319875
2020-12-23,4954.7424756205,18243.20003656,9.364607484375
2020-12-24,2383.9566762687,8371.874749300001,9.541390368645834
2020-12-25,3283.9411616371,12282.6163774,11.301108614583333
2020-12-26,4955.1070625181,18645.2766174,10.6864042334375
2020-12-27,3668.955810768,13962.2028635,11.90833591875
2020-12-28,4031.211623755,14866.12709,16.370802229166667
2020-12-29,4078.341567758,14788.0100749,9.889358906250001
2020-12-30,5186.7841314747,18735.58146,6.090913208541667
2020-12-31,4193.32365792,15388.1503839,6.944306538854167
2021-01-01,5071.3324564138,18636.6144266,8.521701396458333
2021-01-02,4655.8581446243,17172.529741,7.264900329166667
2021-01-03,4889.6925959781,18061.196584,7.766746265625
2021-01-04,5039.25545147901,18944.656959,10.027290400833333
2021-01-05,5061.9627174861,18912.9663074,10.723847172916665
2021-01-06,5169.355311962,19211.242853,9.455686379166666
2021-01-07,4966.116767271,18562.1694629,9.793773090104166
2021-01-08,4852.943467031,18199.4388111,10.988369115625
2021-01-09,5274.31526672,19193.58998667,8.647083406145834
2021-01-10,5372.5297711509,19403.4524877,8.2700554125
2021-01-11,5376.77721814,19173.6537574,11.556740979166667
2021-01-12,5397.6337814963,19822.1825112,11.353740971875
2021-01-13,5244.1372143913995,19519.733269,8.24936879375
2021-01-14,4919.5373590126,18508.31037,10.834765027916667
2021-01-15,5312.5606664789,19921.3706105,11.37409043625
2021-01-16,5003.284632342,19058.337334,12.477251676041666
2021-01-17,5312.689677987,20353.169159,12.872117741770834
2021-01-18,5203.5561213311,19817.743241,13.559886267395832
2021-01-19,1906.708797621,7310.4378718,16.606002739583335
2021-01-20,4371.194814319,16389.123438,17.19992125
2021-01-21,3556.122318242,13341.104816,13.830107927083333
2021-01-22,5287.9026045568,19858.643398,11.915007104166667
2021-01-23,4736.7577348044,17496.344029,12.84134575
2021-01-24,1665.9283586264,6366.2275187000005,8.357315864583333
2021-01-25,1831.5578713969999,6750.0082489999995,6.01909490625
2021-01-26,2819.8726286,10125.282639578,4.635945666666667
2021-01-27,5948.3298857259,21317.439752,8.696206247604167
2021-01-28,4051.128203465,15464.19505597,14.871938802083333
2021-01-29,4699.9830543299995,17489.3791243,15.15360871875
2021-01-30,5865.850556981,21730.6477538,10.15435078125
2021-01-31,5933.46521858,22028.0029491,13.844288125
2021-02-01,2991.977111881,10871.55243333,18.88438916666667
2021-02-02,3184.090470648,12172.677152,17.4203821875
2021-02-03,5349.7019731679,20620.6310667,19.916755520833334
2021-02-04,6038.18676698923,22572.0733997,17.54818671875
2021-02-05,6088.1907455451,22780.1162433,12.026945562500002
2021-02-06,6109.846794122,23098.4306603,12.035477827708334
2021-02-07,6115.118236568,23312.951955,12.637133989375
2021-02-08,6080.247616267,23294.3461303,13.640841376041665
2021-02-09,5317.7032961057,20237.557837,14.428506833333332
2021-02-10,4788.97138295,18428.761956778,15.143303916666667
2021-02-11,6097.610159602,23265.44918578,14.168727322916666
2021-02-12,3969.3851663288997,15296.8204408,14.08952971875
2021-02-13,4233.8797465171,15646.5811946,13.521215218750001
2021-02-14,6012.561146011,22079.218928,11.890582072916667
2021-02-15,5526.258096985,20216.964635,9.241230301291667
2021-02-16,2688.1187326969,10307.7549801,11.946844479166666
2021-02-17,5510.866212304,20436.5027329,10.286652878125
2021-02-18,6633.538545857,24772.662739299998,8.610343782604167
2021-02-19,6522.509897782,24613.0269105,11.787051176145832
2021-02-20,6152.0903838685,23778.740611,15.910317739583334
2021-02-21,6627.1671587239,25074.7125149,12.221180895833333
2021-02-22,6648.629904862,25493.8597334,13.230199188541667
2021-02-23,6525.686322963,24735.0706103,14.336010193749999
2021-02-24,6604.765707377,25227.312549,14.741796458333333
2021-02-25,6755.60916488545,25207.972099,12.122323125
2021-02-26,6747.261905173,25484.140979699998,10.846473598958333
2021-02-27,6779.197017883,25738.58066,12.733389640937501
2021-02-28,6975.700016089,25726.959608999998,8.701434183333333
2021-03-01,6961.252555157,26044.794831,11.397013962499999
2021-03-02,6806.56606293,26180.1469762,18.12135853125
2021-03-03,5171.97175112,20777.54638,16.042448010416667
2021-03-04,6725.04928383,25414.6150327,13.970472552083335
2021-03-05,6998.078465402,26940.083592,16.508968729166668
2021-03-06,6840.86752705,26637.7371981,22.657126041666668
2021-03-07,5635.988865991,22290.4749129,20.262459458333336
2021-03-08,3529.1386539782998,13602.725815222,20.480084375
2021-03-09,3256.0123931304,12244.9789762,18.7590859375
2021-03-10,7027.3997599995,26901.7773067,13.643331989583332
2021-03-11,7040.7332426773,27090.741095,13.492850802083334
2021-03-12,4986.765358865,18902.1126562,11.777557729166666
2021-03-13,3480.3645361101,18005.1553724,6.666111370833334
2021-03-14,7157.001626533,27907.650091,12.095249875
2021-03-15,4050.02965691,15200.543631,12.648273291666667
2021-03-16,5513.0948687399,22337.709665,9.703037614583334
2021-03-17,7227.9962232200005,28600.0295391,12.314769676875
2021-03-18,6952.677558289,28121.1795277,16.794166614583332
2021-03-19,7060.662704014,28490.34675,18.424458177083334
2021-03-20,7072.998958984,28530.2362127,20.264474989583334
2021-03-21,6919.85668038,27446.9280403,20.373791458333333
2021-03-22,7480.2355245211,29182.148027,13.646659458333334
2021-03-23,4104.7454857056,17584.7443618,12.461903156250001
2021-03-24,4305.1407438854,16717.8122669,11.660340010416666
2021-03-25,5457.280836517,21222.084419,13.903654968749999
2021-03-26,6821.271646891,26850.8660527,13.948695333333333
2021-03-27,7332.9331414,29304.6405159,15.652858010416667
2021-03-28,7322.066992669,29978.07690637,18.85865247916667
2021-03-29,5921.068140355,24834.345253,21.898803104166664
2021-03-30,7230.9661350131,30131.4423068,20.853966458333336
2021-03-31,7229.7832187873,30155.5746813,21.37869434375
2021-04-01,6259.5065846049,25548.7208861,26.05857614583333
2021-04-02,7042.691150469,29668.9885354,25.208072291666667
2021-04-03,7052.850653611,29768.14141,23.967964031250002
2021-04-04,6893.045462582,29842.181324,25.597944479166667
2021-04-05,6236.305369002,27016.7107778,24.25579125
2021-04-06,7086.558234902,29477.485099999998,23.505264895833335
2021-04-07,7354.375514804,30828.543608,21.841873916666668
2021-04-08,7178.189296284,30025.227281111,23.300572687499997
2021-04-09,7282.872000024,30546.22172822,23.165188645833336
2021-04-10,7160.732891213,30693.6620741,23.719663072916664
2021-04-11,6068.138089016,24981.758724299998,23.7754871875
2021-04-12,7235.1430381278,30598.7192545,25.154473020833333
2021-04-13,6383.642681102,29058.7701277,24.281617291666667
2021-04-14,6748.4303321752,27274.772893,24.537580520833334
2021-04-15,6803.93523070199,27026.5171843,21.824996354166668
2021-04-16,5211.118941968,20118.301586,19.851433125
2021-04-17,7763.2328813598,31365.368938300002,19.563068770833333
2021-04-18,5938.671328901,23643.064977667,19.715150583333333
2021-04-19,7669.514159232,31035.4968854,22.87219677083333
2021-04-20,7683.32051337,31664.2727429,22.279519177083333
2021-04-21,7727.72865422629,31080.4774184,23.273625260416665
2021-04-22,6963.6979126998,26851.6639071,21.96489729166667
2021-04-23,7822.24412465,31386.79271849,19.304531645833332
2021-04-24,7618.52610916,31362.2332532,23.586049885416667
2021-04-25,7622.8711236827,31407.947383,25.05147828125
2021-04-26,6098.8345921,23797.6092955,22.123647083333335
2021-04-27,4013.831441274,16535.6029623,14.927185802083335
2021-04-28,4638.763515612,18756.9865937,14.1935195
2021-04-29,7922.3090609361,32360.046847999998,19.93840175
2021-04-30,7908.225215468,32145.360700333,24.4151053125
2021-05-01,6777.959180697,27663.0392844,26.0384815625
2021-05-02,8032.95152413,32700.742805111,26.226159270833335
2021-05-03,7887.003736953,31813.763493,22.45312510416667
2021-05-04,7775.179054126,32157.140537,24.613224687499997
2021-05-05,7126.05402589,28949.546755,26.426176041666665
2021-05-06,7518.87937969,31536.2644176,28.796861458333336
2021-05-07,7781.27909483,32452.1849607,28.059941041666665
2021-05-08,7852.047964841,32527.78765709,25.87768145833333
2021-05-09,7855.60658455,32455.7653014,26.52254895833333
2021-05-10,7920.30942269,32190.0841925,26.512140104166665
2021-05-11,7888.6505286037,32689.7354931,25.768613229166665
2021-05-12,7770.79497932,32511.6827845,27.229355833333333
2021-05-13,7691.20313738,32502.8256027,29.43341854166667
2021-05-14,7376.13127548004,30796.0703986,29.15452
2021-05-15,7602.590565599,31722.7117078,28.783761354166668
2021-05-16,7879.880655562,32542.938687,26.106700104166666
2021-05-17,7975.8349194323,32234.551073,23.848346145833332
2021-05-18,7372.5653742068,30344.003434,25.142913854166665
2021-05-19,7761.217339165,31883.621354,28.32040125
2021-05-20,7335.547053018,30270.6806966222,29.243508125
2021-05-21,4941.031479166893,20250.7423183,26.938315729166664
2021-05-22,8072.71632532299,32642.680307,23.376252291666663
2021-05-23,8153.68123186,33421.028845,21.931427395833335
2021-05-24,7976.748157876,33041.476319,23.90682734375
2021-05-25,7789.6711241128005,32482.683506,26.94958034375
2021-05-26,7058.799840653,29014.28853,29.072670937500003
2021-05-27,7936.07160523,32818.8522922,28.094816041666665
2021-05-28,7781.451390614,32738.63622294,28.658841874999997
2021-05-29,7778.91340985,32662.63124662,29.7317875
2021-05-30,7709.88645869,32020.7642611,29.48655385416667
2021-05-31,7690.7964479,31942.9270874,29.88755677083333
2021-06-01,7235.41461471,30403.69951594,29.358528229166666
2021-06-02,7494.47128771,31170.7758247,30.545851770833334
2021-06-03,7612.45401694636,31717.0486298,32.32749385416667
2021-06-04,6725.522003963,28602.6828856,32.0029428125
2021-06-05,6608.464001095518,28030.69694566,32.107394479166665
2021-06-06,7629.471206673109,31836.2468604,31.752752083333334
2021-06-07,7206.66218729,29551.831082599998,30.337631875
2021-06-08,7456.43804343,31432.0652902,29.894538645833332
2021-06-09,7641.589537791,32190.4827841,30.638864895833333
2021-06-10,7363.2527818886,31027.7773949,29.97854583333333
2021-06-11,7711.65579652469,32656.6759775,31.817426770833332
2021-06-12,7464.406866894,32028.8578596,33.219331562499995
2021-06-13,7399.910379832,31728.419897699998,34.8196909375
2021-06-14,7077.5797543125,30314.711917,35.877233958333335
2021-06-15,6926.9798760775,29954.8840937,37.71133125
2021-06-16,7100.580835235,31052.7407167,39.3990965625
2021-06-17,7352.577160832,31297.7836053,38.034475
2021-06-18,7245.0291049544,31525.9106505,38.226546354166665
2021-06-19,6890.8341079857,29764.883539399998,37.61737135416667
2021-06-20,7145.5376251199,30297.129897799998,37.182327083333334
2021-06-21,7371.550470369,30289.9361003,34.68945614583333
2021-06-22,4224.27288415775,16723.9617672,31.971546354166666
2021-06-23,4794.987942854,20102.9120205,29.582629375
2021-06-24,7340.86626543,30771.584525899998,32.713445937500005
2021-06-25,7534.873118040851,31804.6539211,34.128982916666665
2021-06-26,7563.15770909,32126.8580362,34.15034958333333
2021-06-27,7063.651684755,30392.32579431,34.84906114583333
2021-06-28,7314.797676597,30692.4658508,33.097744687500004
2021-06-29,6773.356612105,28453.85688701,31.964993854166664
2021-06-30,5363.434269872,21875.29194835869,30.810028020833332
2021-07-01,5315.995856413,22123.01060122,31.47944927083333
2021-07-02,4163.12350668,18001.55982128261,29.512176770833335
2021-07-03,4197.252412192,17469.32822018,28.530588645833333
2021-07-04,5978.786898663,25081.60113602289,29.360472083333335
2021-07-05,6678.06034119003,28482.4190268,32.48087958333333
2021-07-06,6447.957766469,27322.03915406,33.986435625
2021-07-07,6811.553174723,29226.4525351,33.95476875
2021-07-08,7389.461040503644,31310.8316768,34.723818020833335
2021-07-09,7215.6663570072,31060.380622451165,36.581165416666664
2021-07-10,7237.7951622388,30704.87812964,34.81595083333333
2021-07-11,7054.738082091,30304.20416723,33.9632171875
2021-07-12,6792.15511256,28393.992389767398,33.6535375
2021-07-13,6391.10201978864,27066.721937,31.696323333333336
2021-07-14,3427.3174719968,13518.034840620001,27.7066109375
2021-07-15,6562.880627337,26441.1070337,29.112837708333334
2021-07-16,2841.783408005319,11606.40525439,27.028250312500003
2021-07-17,7256.028450991,30654.9938318,31.307673229166667
2021-07-18,5802.127628729432,24520.8489848,29.34166125
2021-07-19,7342.094044153191,31145.8081233,32.20121135416667
2021-07-20,6684.828027036,28320.8741668429,32.6999984375
2021-07-21,6193.11467378,26320.5992006,33.818925416666666
2021-07-22,6003.9974275879,25276.65983453,30.958923854166667
2021-07-23,3922.3321599417,15466.7616583,25.306857291666663
2021-07-24,1932.4763140815799,7493.86936016,22.886555625
2021-07-25,2632.256024289,10214.3021035311,22.442330625
2021-07-26,7232.40730708,30866.6822254,28.944029270833337
2021-07-27,5978.08499793,26108.2248316,28.930400729166667
2021-07-28,6750.47732075,29230.1435321,31.237555104166663
2021-07-29,4948.886624309279,21382.60128181,29.5478465625
2021-07-30,5829.7443829703,24544.6909314,28.937756703296706
2021-07-31,7117.0407233116,30090.7540429,29.816199583333333
2021-08-01,7071.118388233,30099.98475151,32.43104239583334
2021-08-02,7105.847750880537,30669.771205,31.771398645833333
2021-08-03,7016.9276649295,30686.14829,33.141791250000004
2021-08-04,7059.9358279422995,30765.571558,34.030412812499996
2021-08-05,6645.1275920473,29287.92175924,34.95426364583333
2021-08-06,6405.91755414677,27711.19889738,33.38435020833334
2021-08-07,7049.2856724148,29943.0350183,32.83213020833333
2021-08-08,6223.060879641,26053.9470407,31.932979375000002
2021-08-09,2840.480931573,11202.9345411,26.725383020833334
2021-08-10,4789.29852173,19878.55638849,27.614354479166668
2021-08-11,7029.8320173283,29309.4271426,27.903975729166664
2021-08-12,7158.883216645,30177.42183013,28.864386770833335
2021-08-13,6837.2233340169,29278.0918563,29.286830416666664
2021-08-14,4735.41496234712,20474.78392472,25.252119375000003
2021-08-15,5737.7916919749005,24673.54453192,29.073974687499998
2021-08-16,6617.50813155,28277.2626821,29.72272572916667
2021-08-17,4923.3187365854,19964.0294384,26.228105624999998
2021-08-18,5274.13290874026,22717.92367655,28.074463750000003
2021-08-19,6286.1324018538,26405.8224021,28.9236275
2021-08-20,7073.2865700928,30292.418332999998,29.727543020833334
2021-08-21,6979.45012835,30073.011757,30.092084791666665
2021-08-22,6832.01915359616,29461.094668,31.085439375000004
2021-08-23,6802.84404499631,29358.590125,31.552417291666668
2021-08-24,6714.8492426699995,28908.6866788,31.54509145833333
2021-08-25,6747.417377778,29129.00699,32.8766784375
2021-08-26,6274.2058795573,27878.1943097,33.49111052083333
2021-08-27,6339.9898541122,27922.4265415652,34.00042947916666
2021-08-28,5888.2535758983,25645.17106813,30.35096833333333
2021-08-29,5990.1166770278,26057.896671,31.14542354166667
2021-08-30,6077.4583479945995,26212.9296444,31.15898291666667
2021-08-31,3968.3897520671,16263.3153843,26.951184270833334
2021-09-01,6617.29987640823,27919.563099608,27.2865815625
2021-09-02,6909.993642585,29260.5123163,29.067940833333335
2021-09-03,6702.4262993192,28707.7211113,30.248579687499998
2021-09-04,6661.5594488927,28555.4147782,32.47467854166667
2021-09-05,5572.7997772126,24411.2568047,28.93606875
2021-09-06,6677.88249405663,28395.0227205,29.586229583333335
2021-09-07,6583.92034974,27873.6987077,30.464639062499998
2021-09-08,6503.395626541,28053.7391141,31.644428854166666
2021-09-09,6716.344483812,27900.38391784,32.12512635416667
2021-09-10,6039.152894725,27619.0823069,31.304668333333336
2021-09-11,6019.1196791648,25938.495364145,30.744687708333334
2021-09-12,6414.0795294768,27533.533195,30.779834166666664
2021-09-13,6317.9129164288,27337.63334,30.5818625
2021-09-14,6375.5869743776,27204.5887829,30.649891458333332
2021-09-15,6445.9693136877,27215.9396517,29.292641145833333
2021-09-16,6333.711576863,27018.6040814,29.498789791666667
2021-09-17,4555.170457691,19129.9151134,29.090724374999997
2021-09-18,4911.662741066,23536.8548618,29.191765416666666
2021-09-19,5624.7778332787,23646.1797315,29.02874
2021-09-20,6454.47072722,27007.87625184,28.049423020833334
2021-09-21,6497.9347274354,27325.75931379,27.457479687499998
2021-09-22,5738.0495171085995,23368.900279499998,28.560768125
2021-09-23,2386.2688051904,9207.1079397,23.662795
2021-09-24,6317.9466836299,26084.075123399998,25.340332812499998
2021-09-25,5562.401529658,23503.12671781,25.764110416666668
2021-09-26,5379.7229890707595,21629.8555888,23.574865625
2021-09-27,4797.16271634698,19385.972464399998,24.069482500000003
2021-09-28,6277.52345895,25637.6868292,25.95096645833333
2021-09-29,5713.73860848,23090.1357994109,24.378842604166667
2021-09-30,6284.473023983,25212.17140816,24.29967239583333
2021-10-01,6539.78155425,26632.66635114,23.273462395833334
2021-10-02,6300.70701112,25758.1446218,23.6754971875
2021-10-03,5621.6143147726,22722.844767622,25.404359270833336
2021-10-04,4953.06506909,20057.6611821,26.671422604166665
2021-10-05,4870.960271936,20277.382064999998,24.874560833333334
2021-10-06,6329.5395510034,25794.0143635,24.407528541666665
2021-10-07,5594.581005349,22652.3868932,24.269244687500002
2021-10-08,5831.2063760416,23864.9726242,24.546998437499997
2021-10-09,6157.5392118592,24867.229671,23.402940208333334
2021-10-10,6471.11374952834,25682.6963275,19.795264916666667
2021-10-11,6415.312815863,25256.8107011,20.450084614583332
2021-10-12,5468.3339308459,20423.25337094,15.880185385416667
2021-10-13,6423.378777204,24796.2163146594,14.2371519375
2021-10-14,6382.862038357,24904.82405376,15.58956915625
2021-10-15,6380.5771331446,24866.058417,19.038039864583332
2021-10-16,5679.901982063105,22385.001146729,26.0792484375
2021-10-17,4945.079017654,19921.141053,22.488633854166665
2021-10-18,5894.2500253899,23185.635891399997,21.478094770833334
2021-10-19,5816.773257118,23116.7372971,20.98345625
2021-10-20,5844.096486286,23433.0183853,19.855763885416668
2021-10-21,5794.7369752379,23676.2572911,21.22856921875
2021-10-22,4924.239993861,19577.7438764,20.44754934375
2021-10-23,5200.589870011,20642.2160534,19.635992583333334
2021-10-24,5399.83411787,21469.46090375,20.682860625
2021-10-25,5610.830881014,22709.4455592,22.21936059375
2021-10-26,5880.085022982,22981.0870515,18.243414375
2021-10-27,6033.5490401,23462.83381501,14.822452677083334
2021-10-28,5923.7756979558735,23318.493325254,17.01694996875
2021-10-29,5715.47935079952,23161.613494999998,21.069304895833334
2021-10-30,5576.715094051,22522.75043,19.91746573958333
2021-10-31,5554.155292101,22169.7529998,19.607338072916665
2021-11-01,5317.782272846,21119.7500837,18.71958065625
2021-11-02,4956.3670666,19760.408710699998,17.610067833333332
2021-11-03,5600.281636973,22246.220666,17.588700135416666
2021-11-04,5417.578759273002,22069.5720545,18.804011010416666
2021-11-05,5288.9737072662,21386.7893,19.736381875
2021-11-06,5297.892398905,21453.830947,19.780796302083335
2021-11-07,5034.585751134,20041.5028538,19.078664677083335
2021-11-08,4453.2260938399995,17632.6687954,17.910583437499998
2021-11-09,4628.369226651789,18280.6088204,17.269125364583335
2021-11-10,5311.10979271556,20864.19465404,16.543985895833334
2021-11-11,5332.77244171437,21046.8838054,16.6413015
2021-11-12,5346.664667297,21135.663217100002,16.830853125
2021-11-13,5190.529440343,21049.7831238,17.615544375
2021-11-14,5169.757210379,20888.13930235,17.206354875
2021-11-15,5114.4136765218,20784.718193692,17.225915208333333
2021-11-16,4541.416644017,17982.9141337,16.697305322916666
2021-11-17,3186.665804209,12141.472535,13.996077666666666
2021-11-18,5154.970581587,19970.553332,16.546808583333334
2021-11-19,4840.6774979636,19331.848582399998,18.237112854166668
2021-11-20,4651.395453328,18361.5088387,16.173560895833333
2021-11-21,3021.95994533,11554.49401291,17.70521667708333
2021-11-22,3697.96139493,14124.29709683,21.700351458333333
2021-11-23,2467.613035913,9654.738021199999,18.762433541666667
2021-11-24,3816.4758906797,14621.6910467,17.497706666666666
2021-11-25,5031.01234858596,18551.077759,14.794781458333333
2021-11-26,5075.63958898,19110.69042592,17.443541531250002
2021-11-27,4951.34394203025,19087.2452335288,13.945425406250001
2021-11-28,5070.673062483,19504.0532728,15.506372020833332
2021-11-29,4991.08496655981,19570.202224759,16.467057875
2021-11-30,4898.436844861,19189.1441567,15.29603465625
2021-12-01,4313.6766390739,16773.588597,16.944849833333333
2021-12-02,4586.40320432,18182.980177,17.885914322916665
2021-12-03,4768.007736748,18654.113053,16.15995478125
2021-12-04,3487.866672747,13513.1363553,14.289265093749998
2021-12-05,4834.409661882,18616.402995,13.315313270833334
2021-12-06,4773.31117580363,18562.7022391,13.884618114583333
2021-12-07,3815.6322971112227,14649.8294842,14.380671895833332
2021-12-08,4092.168323475,15580.080815911,12.864830645833335
2021-12-09,2820.741422941,10697.1987366,13.249513239583335
2021-12-10,4055.10616571,15145.410844446375,12.96939409375
2021-12-11,5023.2866996917,18910.568079,11.28686371875
2021-12-12,4947.464436546,18922.8949553,11.677242572916667
2021-12-13,4763.253372115,18216.4053152,13.657153229166667
2021-12-14,919.370682644,3483.80591951,16.886082729166667
2021-12-15,2567.913450189,9309.208855,11.033132333333334
2021-12-16,4903.661536319,18412.34172339,9.456457204687501
2021-12-17,4461.001032975,16463.644108649998,7.4510139417708325
2021-12-18,4988.2473929295,18424.266301934,7.397042279166667
2021-12-19,4961.4420183964,18525.7043154,11.950920104166668
2021-12-20,4878.86434837657,18513.452306979998,10.479591297291668
2021-12-21,2899.5162646912,10796.9377444,12.596509958333334
2021-12-22,4207.2563047290005,15928.837487,14.118853635416668
2021-12-23,4214.2705726253,16167.5459972,17.63102451041667
2021-12-24,637.0043489134,2433.8307787,14.699731770833333
2021-12-25,2003.24938947,7476.6331164,15.262119166666666
2021-12-26,3718.618225953,13926.831088623,13.348083927083332
2021-12-27,848.56399135616,3111.8349742,7.584236697916666
2021-12-28,4404.868476628,16042.88463,8.496455972395834
2021-12-29,2437.909167908517,8821.2268718,9.918352333333333
2021-12-30,1692.5188387907,6169.4463468,9.432540229166667
2021-12-31,2181.6284806208,8471.9715541,11.489621552083333
2022-01-01,4845.9857567563,17400.794683,7.398300912499999
2022-01-02,5352.9853948307,19570.5722,6.542322938333334
2022-01-03,5128.5710520815,19263.499928,8.029039331249999
2022-01-04,5169.254102166,19381.405029999998,8.898931193333334
2022-01-05,5125.88924994626,19241.625077,8.837730784375
2022-01-06,4788.47057879075,18059.9108397,10.2028094190625
2022-01-07,4991.0743965345,19182.565437999998,12.462648302083332
2022-01-08,3702.284526679,13629.268552,11.943029416666667
2022-01-09,4816.019092417,18006.27230335,12.995754677083333
2022-01-10,5270.493816727285,19145.976813999998,15.8682003125
2022-01-11,3962.4345551488,14307.429726,14.224873572916666
2022-01-12,3434.155375151,12907.4807595,10.234556302083334
2022-01-13,4885.766237167,18947.41845093,11.1319292140625
2022-01-14,2770.5691003573997,10373.347649,11.144677739583335
2022-01-15,4038.582957781,14869.4653109,11.959513379166667
2022-01-16,4938.245104286,19282.9834549,14.419330635416665
2022-01-17,3837.104656635,14957.2367129,12.571080822916665
2022-01-18,2836.7694319364,10608.5523715,13.285554864583332
2022-01-19,4583.7448835713,17909.577554,12.451722729166667
2022-01-20,5227.6798533363,20036.496257,11.418187666666666
2022-01-21,5355.6048918296,20669.548639,10.9092147125
2022-01-22,1224.273668799,4538.72407217,9.51300876875
2022-01-23,4913.459379705,18223.299256,11.615580406249999
2022-01-24,5403.395202539,20658.354648,9.987113859375
2022-01-25,5373.699686244,20561.662336785743,10.370838706979166
2022-01-26,5140.689582151,19713.0674116,9.670771019791667
2022-01-27,5633.067910251,21521.27755032,8.581954923020833
2022-01-28,5570.7553043444,20520.3406149,12.148134874999998
2022-01-29,5593.6782074465,21476.108297,16.47331810416667
2022-01-30,5618.28897635,21400.4445275,13.258900958333333
2022-01-31,4772.277263181,18477.7921976,10.964736235895833
2022-02-01,2377.371882422848,8803.4630645,10.317401385416668
